    0.0000    4.4262
    0.0500    4.4772
    0.1000    4.6292
    0.1500    4.8789
    0.2000    5.2206
    0.2500    5.6450
    0.3000    6.1377
    0.3500    6.6769
    0.4000    7.2297
    0.4500    7.7491
    0.5000    8.1790
    0.5500    8.4737
    0.6000    8.6219
    0.6500    8.6472
    0.7000    8.5881
    0.7500    8.4816
    0.8000    8.3578
    0.8500    8.2397
    0.9000    8.1439
    0.9500    8.0814
    1.0000    8.0603
    1.0433    8.0764
    1.0866    8.1237
    1.1299    8.2010
    1.1732    8.3061
    1.2165    8.4359
    1.2598    8.5866
    1.3031    8.7531
    1.3464    8.9295
    1.3897    9.1092
    1.4330    9.2845
    1.4763    9.4474
    1.5196    9.4640
    1.5629    9.3308
    1.6062    9.2573
    1.6495    9.2409
    1.6928    9.2759
    1.7361    9.3532
    1.7794    9.4615
    1.8227    9.5860
    1.8660    9.6995
    1.8910    9.6552
    1.9160    9.6114
    1.9410    9.5761
    1.9660    9.5192
    1.9910    9.4213
    2.0160    9.3096
    2.0410    9.1881
    2.0660    9.0603
    2.0910    8.9298
    2.1160    8.7998
    2.1410    8.6735
    2.1660    8.5534
    2.1910    8.4420
    2.2160    8.3415
    2.2410    8.2535
    2.2660    8.1795
    2.2910    8.1208
    2.3160    8.0782
    2.3410    8.0524
    2.3660    8.0438
    2.4014    8.0428
    2.4367    8.0381
    2.4721    8.0241
    2.5074    7.9905
    2.5428    7.9223
    2.5782    7.8009
    2.6135    7.6106
    2.6489    7.3483
    2.6842    7.0278
    2.7196    6.6729
    2.7549    6.3076
    2.7903    5.9509
    2.8256    5.6166
    2.8610    5.3141
    2.8964    5.0500
    2.9317    4.8290
    2.9671    4.6543
    3.0024    4.5280
    3.0378    4.4517
    3.0731    4.4262

    0.0000    4.5672
    0.0500    4.6183
    0.1000    4.7706
    0.1500    5.0218
    0.2000    5.3672
    0.2500    5.8003
    0.3000    6.3113
    0.3500    6.8865
    0.4000    7.5062
    0.4500    8.1428
    0.5000    8.7577
    0.5500    9.3029
    0.6000    9.2647
    0.6500    9.0080
    0.7000    8.7728
    0.7500    8.5648
    0.8000    8.3883
    0.8500    8.2471
    0.9000    8.1443
    0.9500    8.0822
    1.0000    8.0608
    1.0433    8.0768
    1.0866    8.1243
    1.1299    8.2019
    1.1732    8.3078
    1.2165    8.4388
    1.2598    8.5910
    1.3031    8.7597
    1.3464    8.9390
    1.3897    9.1222
    1.4330    9.3017
    1.4763    9.4693
    1.5196    9.5918
    1.5629    9.7076
    1.6062    9.7917
    1.6495    9.8413
    1.6928    9.8575
    1.7361    9.8445
    1.7794    9.8092
    1.8227    9.7598
    1.8660    9.7102
    1.8910    9.6975
    1.9160    9.6602
    1.9410    9.6000
    1.9660    9.5488
    1.9910    9.5288
    2.0160    9.5155
    2.0410    9.5081
    2.0660    9.5057
    2.0910    9.5075
    2.1160    9.5128
    2.1410    9.5206
    2.1660    9.5302
    2.1910    9.5407
    2.2160    9.5506
    2.2410    9.4651
    2.2660    9.3901
    2.2910    9.3305
    2.3160    9.2873
    2.3410    9.2610
    2.3660    9.2522
    2.4014    9.2369
    2.4367    9.1877
    2.4721    9.0956
    2.5074    8.9478
    2.5428    8.7329
    2.5782    8.4481
    2.6135    8.1026
    2.6489    7.7148
    2.6842    7.3057
    2.7196    6.8939
    2.7549    6.4939
    2.7903    6.1169
    2.8256    5.7708
    2.8610    5.4618
    2.8964    5.1942
    2.9317    4.9714
    2.9671    4.7958
    3.0024    4.6692
    3.0378    4.5928
    3.0731    4.5672

    0.0000   10.5984
    0.0500   10.6043
    0.1000   10.6145
    0.1500   10.6226
    0.2000   10.6333
    0.2500   10.6531
    0.3000   10.6852
    0.3500   10.6375
    0.4000   10.3785
    0.4500   10.1015
    0.5000    9.8184
    0.5500    9.5371
    0.6000    9.7306
    0.6500   10.0129
    0.7000   10.1553
    0.7500   10.1905
    0.8000   10.1595
    0.8500   10.0992
    0.9000   10.0375
    0.9500    9.9933
    1.0000    9.9766
    1.0433    9.9920
    1.0866   10.0374
    1.1299   10.1110
    1.1732   10.2098
    1.2165   10.3295
    1.2598   10.4642
    1.3031   10.6065
    1.3464   10.5752
    1.3897   10.2229
    1.4330    9.9149
    1.4763    9.6615
    1.5196    9.6185
    1.5629    9.7384
    1.6062    9.8251
    1.6495    9.8752
    1.6928    9.8893
    1.7361    9.8723
    1.7794    9.8319
    1.8227    9.7769
    1.8660    9.7202
    1.8910    9.7744
    1.9160    9.8482
    1.9410    9.9332
    1.9660   10.0296
    1.9910   10.1377
    2.0160   10.2577
    2.0410   10.3795
    2.0660   10.2705
    2.0910   10.1424
    2.1160   10.0137
    2.1410    9.8878
    2.1660    9.7675
    2.1910    9.6556
    2.2160    9.5552
    2.2410    9.5621
    2.2660    9.5714
    2.2910    9.5793
    2.3160    9.5853
    2.3410    9.5889
    2.3660    9.5902
    2.4014    9.5962
    2.4367    9.6139
    2.4721    9.6431
    2.5074    9.6831
    2.5428    9.7332
    2.5782    9.7923
    2.6135    9.8590
    2.6489    9.9320
    2.6842   10.0096
    2.7196   10.0900
    2.7549   10.1713
    2.7903   10.2515
    2.8256   10.3284
    2.8610   10.4001
    2.8964   10.4643
    2.9317   10.5192
    2.9671   10.5625
    3.0024   10.5909
    3.0378   10.6000
    3.0731   10.5984

    0.0000   10.6258
    0.0500   10.6254
    0.1000   10.6251
    0.1500   10.6274
    0.2000   10.6355
    0.2500   10.6536
    0.3000   10.6876
    0.3500   10.7418
    0.4000   10.8202
    0.4500   10.9267
    0.5000   11.0638
    0.5500   11.2321
    0.6000   11.3949
    0.6500   11.1045
    0.7000   10.8231
    0.7500   10.5747
    0.8000   10.3647
    0.8500   10.1973
    0.9000   10.0756
    0.9500   10.0017
    1.0000    9.9777
    1.0433    9.9931
    1.0866   10.0385
    1.1299   10.1123
    1.1732   10.2115
    1.2165   10.3318
    1.2598   10.4676
    1.3031   10.6112
    1.3464   10.7488
    1.3897   10.8802
    1.4330   10.9922
    1.4763   11.0034
    1.5196   10.7882
    1.5629   10.6373
    1.6062   10.5496
    1.6495   10.5210
    1.6928   10.5442
    1.7361   10.6086
    1.7794   10.7003
    1.8227   10.8016
    1.8660   10.8860
    1.8910   10.8572
    1.9160   10.8328
    1.9410   10.7903
    1.9660   10.7144
    1.9910   10.6214
    2.0160   10.5146
    2.0410   10.4078
    2.0660   10.5373
    2.0910   10.6950
    2.1160   10.8660
    2.1410   10.8997
    2.1660   10.9230
    2.1910   10.9459
    2.2160   10.9679
    2.2410   10.9879
    2.2660   11.0052
    2.2910   11.0195
    2.3160   11.0300
    2.3410   11.0364
    2.3660   11.0386
    2.4014   11.0453
    2.4367   11.0650
    2.4721   11.0974
    2.5074   11.1415
    2.5428   11.1936
    2.5782   11.0244
    2.6135   10.7546
    2.6489   10.5696
    2.6842   10.4706
    2.7196   10.4387
    2.7549   10.4504
    2.7903   10.4852
    2.8256   10.5269
    2.8610   10.5647
    2.8964   10.5928
    2.9317   10.6107
    2.9671   10.6202
    3.0024   10.6242
    3.0378   10.6255
    3.0731   10.6258

    0.0000   10.6569
    0.0500   10.6646
    0.1000   10.6959
    0.1500   10.7590
    0.2000   10.8509
    0.2500   10.9676
    0.3000   10.8951
    0.3500   10.7515
    0.4000   10.8237
    0.4500   10.9296
    0.5000   11.0669
    0.5500   11.2362
    0.6000   11.4364
    0.6500   11.6629
    0.7000   11.9117
    0.7500   12.1728
    0.8000   12.4318
    0.8500   12.6694
    0.9000   12.8611
    0.9500   12.9781
    1.0000   13.0117
    1.0433   12.9719
    1.0866   12.8049
    1.1299   12.5326
    1.1732   12.1859
    1.2165   11.7930
    1.2598   11.3800
    1.3031   10.9701
    1.3464   10.7594
    1.3897   10.8915
    1.4330   11.0061
    1.4763   11.0779
    1.5196   11.1318
    1.5629   11.1549
    1.6062   11.1506
    1.6495   11.1244
    1.6928   11.0832
    1.7361   11.0335
    1.7794   10.9811
    1.8227   10.9314
    1.8660   10.8929
    1.8910   10.8812
    1.9160   10.8466
    1.9410   10.8169
    1.9660   10.8086
    1.9910   10.8075
    2.0160   10.8125
    2.0410   10.8229
    2.0660   10.8378
    2.0910   10.8562
    2.1160   10.8772
    2.1410   11.0501
    2.1660   11.2473
    2.1910   11.4577
    2.2160   11.6813
    2.2410   11.7832
    2.2660   11.7761
    2.2910   11.7703
    2.3160   11.7660
    2.3410   11.7633
    2.3660   11.7624
    2.4014   11.7558
    2.4367   11.7340
    2.4721   11.6871
    2.5074   11.5804
    2.5428   11.3466
    2.5782   11.2672
    2.6135   11.3380
    2.6489   11.4136
    2.6842   11.4806
    2.7196   11.5029
    2.7549   11.4893
    2.7903   11.4402
    2.8256   11.2626
    2.8610   11.1023
    2.8964   10.9626
    2.9317   10.8458
    2.9671   10.7544
    3.0024   10.6915
    3.0378   10.6621
    3.0731   10.6569

    0.0000   11.6426
    0.0500   11.6226
    0.1000   11.5567
    0.1500   11.4476
    0.2000   11.2980
    0.2500   11.1117
    0.3000   11.1058
    0.3500   11.2621
    0.4000   11.4325
    0.4500   11.6128
    0.5000   11.7942
    0.5500   11.7399
    0.6000   11.4537
    0.6500   11.6643
    0.7000   11.9139
    0.7500   12.1756
    0.8000   12.4355
    0.8500   12.6749
    0.9000   12.8715
    0.9500   13.0019
    1.0000   13.0475
    1.0433   13.0256
    1.0866   12.9915
    1.1299   12.9446
    1.1732   12.8827
    1.2165   12.8075
    1.2598   12.7208
    1.3031   12.4396
    1.3464   12.0123
    1.3897   11.6222
    1.4330   11.2837
    1.4763   11.0942
    1.5196   11.1497
    1.5629   11.1733
    1.6062   11.1684
    1.6495   11.1409
    1.6928   11.0977
    1.7361   11.0457
    1.7794   10.9911
    1.8227   10.9393
    1.8660   10.8965
    1.8910   10.9351
    1.9160   10.9886
    1.9410   11.0529
    1.9660   11.1281
    1.9910   11.2145
    2.0160   11.3124
    2.0410   11.4217
    2.0660   11.5423
    2.0910   11.6732
    2.1160   11.8080
    2.1410   11.8171
    2.1660   11.8084
    2.1910   11.7997
    2.2160   11.7911
    2.2410   11.8676
    2.2660   11.8650
    2.2910   11.8630
    2.3160   11.8615
    2.3410   11.8606
    2.3660   11.8603
    2.4014   11.8571
    2.4367   11.8479
    2.4721   11.8335
    2.5074   11.8138
    2.5428   11.7849
    2.5782   11.7401
    2.6135   11.6891
    2.6489   11.6442
    2.6842   11.6180
    2.7196   11.6453
    2.7549   11.6313
    2.7903   11.4763
    2.8256   11.4751
    2.8610   11.4883
    2.8964   11.5144
    2.9317   11.5488
    2.9671   11.5844
    3.0024   11.6150
    3.0378   11.6354
    3.0731   11.6426

    0.0000   11.6541
    0.0500   11.6608
    0.1000   11.6871
    0.1500   11.7306
    0.2000   11.7901
    0.2500   11.8655
    0.3000   11.9603
    0.3500   12.0845
    0.4000   12.2549
    0.4500   12.4358
    0.5000   12.1065
    0.5500   12.0068
    0.6000   12.1853
    0.6500   12.3628
    0.7000   12.5288
    0.7500   12.6784
    0.8000   12.8075
    0.8500   12.9131
    0.9000   12.9941
    0.9500   13.0539
    1.0000   13.0816
    1.0433   13.0629
    1.0866   13.0288
    1.1299   12.9787
    1.1732   12.9119
    1.2165   12.8299
    1.2598   12.7311
    1.3031   12.6294
    1.3464   12.5313
    1.3897   12.4281
    1.4330   12.3205
    1.4763   12.2180
    1.5196   12.1241
    1.5629   12.0426
    1.6062   11.9766
    1.6495   11.9281
    1.6928   11.8969
    1.7361   11.8805
    1.7794   11.8753
    1.8227   11.8768
    1.8660   11.8809
    1.8910   11.8766
    1.9160   11.8721
    1.9410   11.8676
    1.9660   11.8629
    1.9910   11.8580
    2.0160   11.8527
    2.0410   11.8469
    2.0660   11.8404
    2.0910   11.8334
    2.1160   11.8266
    2.1410   11.8744
    2.1660   11.8761
    2.1910   11.8735
    2.2160   11.8705
    2.2410   11.9181
    2.2660   12.1681
    2.2910   12.4311
    2.3160   12.7070
    2.3410   12.9954
    2.3660   13.2703
    2.4014   13.1673
    2.4367   12.8897
    2.4721   12.5133
    2.5074   12.1439
    2.5428   11.9154
    2.5782   11.8299
    2.6135   11.7948
    2.6489   11.7715
    2.6842   11.7522
    2.7196   11.7363
    2.7549   11.7020
    2.7903   11.6999
    2.8256   11.6893
    2.8610   11.6796
    2.8964   11.6715
    2.9317   11.6650
    2.9671   11.6600
    3.0024   11.6566
    3.0378   11.6547
    3.0731   11.6541

    0.0000   12.2135
    0.0500   12.2184
    0.1000   12.2232
    0.1500   12.2199
    0.2000   12.2196
    0.2500   12.2288
    0.3000   12.2534
    0.3500   12.2991
    0.4000   12.3709
    0.4500   12.4496
    0.5000   12.6071
    0.5500   12.7862
    0.6000   12.9994
    0.6500   13.2461
    0.7000   13.5215
    0.7500   13.8162
    0.8000   14.1156
    0.8500   14.3978
    0.9000   14.6330
    0.9500   14.7822
    1.0000   14.8248
    1.0433   14.7737
    1.0866   14.5686
    1.1299   14.2429
    1.1732   13.8364
    1.2165   13.3845
    1.2598   12.9225
    1.3031   12.6504
    1.3464   12.5380
    1.3897   12.4322
    1.4330   12.3343
    1.4763   12.2409
    1.5196   12.1551
    1.5629   12.0796
    1.6062   12.0168
    1.6495   11.9677
    1.6928   11.9323
    1.7361   11.9087
    1.7794   11.8945
    1.8227   11.8863
    1.8660   11.8813
    1.8910   11.8857
    1.9160   11.8901
    1.9410   11.8941
    1.9660   11.8972
    1.9910   11.8993
    2.0160   11.9001
    2.0410   11.8997
    2.0660   11.8983
    2.0910   11.8969
    2.1160   11.9013
    2.1410   11.9867
    2.1660   12.1452
    2.1910   12.3170
    2.2160   12.4966
    2.2410   12.6804
    2.2660   12.8633
    2.2910   13.0371
    2.3160   13.1881
    2.3410   13.2953
    2.3660   13.3269
    2.4014   13.2609
    2.4367   13.0695
    2.4721   12.8081
    2.5074   12.5338
    2.5428   12.2935
    2.5782   12.1154
    2.6135   12.0064
    2.6489   11.9567
    2.6842   11.9419
    2.7196   11.8271
    2.7549   11.7392
    2.7903   11.8134
    2.8256   11.8978
    2.8610   11.9784
    2.8964   12.0517
    2.9317   12.1150
    2.9671   12.1656
    3.0024   12.2004
    3.0378   12.2143
    3.0731   12.2135

    0.0000   12.2311
    0.0500   12.2292
    0.1000   12.2245
    0.1500   12.2232
    0.2000   12.2251
    0.2500   12.2361
    0.3000   12.2628
    0.3500   12.3120
    0.4000   12.3947
    0.4500   12.4910
    0.5000   12.6158
    0.5500   12.7904
    0.6000   13.0021
    0.6500   13.2483
    0.7000   13.5235
    0.7500   13.8185
    0.8000   14.1184
    0.8500   14.4021
    0.9000   14.6412
    0.9500   14.8036
    1.0000   14.8612
    1.0433   14.8352
    1.0866   14.7938
    1.1299   14.7359
    1.1732   14.6624
    1.2165   14.5789
    1.2598   14.4927
    1.3031   14.4115
    1.3464   14.3395
    1.3897   14.2833
    1.4330   14.2544
    1.4763   14.2565
    1.5196   14.2886
    1.5629   14.3446
    1.6062   14.4153
    1.6495   14.4897
    1.6928   14.5585
    1.7361   14.6152
    1.7794   14.6566
    1.8227   14.6820
    1.8660   14.6920
    1.8910   14.6861
    1.9160   14.6736
    1.9410   14.6544
    1.9660   14.6293
    1.9910   14.5991
    2.0160   14.5651
    2.0410   14.5285
    2.0660   14.4902
    2.0910   14.4516
    2.1160   14.4134
    2.1410   14.3766
    2.1660   14.3417
    2.1910   14.3096
    2.2160   14.2806
    2.2410   14.2553
    2.2660   14.2336
    2.2910   14.2117
    2.3160   13.9398
    2.3410   13.6143
    2.3660   13.3350
    2.4014   13.3092
    2.4367   13.2478
    2.4721   13.1490
    2.5074   13.0167
    2.5428   12.8564
    2.5782   12.6741
    2.6135   12.4765
    2.6489   12.2708
    2.6842   12.0720
    2.7196   12.0040
    2.7549   12.0386
    2.7903   12.0836
    2.8256   12.1267
    2.8610   12.1625
    2.8964   12.1894
    2.9317   12.2081
    2.9671   12.2199
    3.0024   12.2266
    3.0378   12.2300
    3.0731   12.2311

    0.0000   12.2641
    0.0500   12.2720
    0.1000   12.3068
    0.1500   12.3760
    0.2000   12.4754
    0.2500   12.6014
    0.3000   12.7509
    0.3500   12.9202
    0.4000   12.7961
    0.4500   12.5755
    0.5000   12.9690
    0.5500   13.5616
    0.6000   13.9164
    0.6500   14.1115
    0.7000   14.2932
    0.7500   14.4568
    0.8000   14.5978
    0.8500   14.7129
    0.9000   14.8005
    0.9500   14.8646
    1.0000   14.8970
    1.0433   14.8743
    1.0866   14.8319
    1.1299   14.7699
    1.1732   14.6909
    1.2165   14.6006
    1.2598   14.5065
    1.3031   14.4166
    1.3464   14.3437
    1.3897   14.2967
    1.4330   14.2767
    1.4763   14.2862
    1.5196   14.3236
    1.5629   14.3823
    1.6062   14.4528
    1.6495   14.5244
    1.6928   14.5881
    1.7361   14.6382
    1.7794   14.6720
    1.8227   14.6897
    1.8660   14.6932
    1.8910   14.6948
    1.9160   14.6949
    1.9410   14.6938
    1.9660   14.6920
    1.9910   14.6896
    2.0160   14.6867
    2.0410   14.6835
    2.0660   14.6801
    2.0910   14.6764
    2.1160   14.6727
    2.1410   14.6689
    2.1660   14.6652
    2.1910   14.6616
    2.2160   14.6581
    2.2410   14.6543
    2.2660   14.6163
    2.2910   14.2866
    2.3160   14.2076
    2.3410   14.1994
    2.3660   14.1969
    2.4014   14.1953
    2.4367   14.1888
    2.4721   14.1752
    2.5074   14.1548
    2.5428   14.1297
    2.5782   14.1024
    2.6135   14.0759
    2.6489   13.9934
    2.6842   13.7625
    2.7196   13.5343
    2.7549   13.3139
    2.7903   13.1060
    2.8256   12.9144
    2.8610   12.7424
    2.8964   12.5930
    2.9317   12.4684
    2.9671   12.3708
    3.0024   12.3029
    3.0378   12.2697
    3.0731   12.2641

    0.0000   14.3989
    0.0500   14.3703
    0.1000   14.2841
    0.1500   14.1430
    0.2000   13.9507
    0.2500   13.7126
    0.3000   13.4353
    0.3500   13.1267
    0.4000   13.1055
    0.4500   13.3026
    0.5000   13.5068
    0.5500   13.7131
    0.6000   14.3525
    0.6500   15.3186
    0.7000   16.4230
    0.7500   17.6268
    0.8000   18.8883
    0.8500   20.1517
    0.9000   21.3211
    0.9500   22.2055
    1.0000   22.4637
    1.0433   22.4249
    1.0866   22.2876
    1.1299   22.0585
    1.1732   21.7701
    1.2165   21.4520
    1.2598   21.1273
    1.3031   20.8137
    1.3464   20.5249
    1.3897   20.2724
    1.4330   20.0664
    1.4763   19.9157
    1.5196   19.8282
    1.5629   19.8105
    1.6062   19.8673
    1.6495   20.0012
    1.6928   20.2128
    1.7361   20.5005
    1.7794   20.8614
    1.8227   21.2914
    1.8660   21.7724
    1.8910   21.2813
    1.9160   20.7665
    1.9410   20.2605
    1.9660   19.7639
    1.9910   19.2770
    2.0160   18.8002
    2.0410   18.3337
    2.0660   17.8778
    2.0910   17.4328
    2.1160   16.9987
    2.1410   16.5758
    2.1660   16.1643
    2.1910   15.7645
    2.2160   15.3766
    2.2410   15.0014
    2.2660   14.6731
    2.2910   14.6540
    2.3160   14.6517
    2.3410   14.6506
    2.3660   14.6503
    2.4014   14.6479
    2.4367   14.6407
    2.4721   14.6291
    2.5074   14.6136
    2.5428   14.5949
    2.5782   14.4392
    2.6135   14.2211
    2.6489   14.0534
    2.6842   14.0383
    2.7196   14.0339
    2.7549   14.0427
    2.7903   14.0662
    2.8256   14.1039
    2.8610   14.1532
    2.8964   14.2096
    2.9317   14.2673
    2.9671   14.3201
    3.0024   14.3622
    3.0378   14.3895
    3.0731   14.3989

    0.0000   14.4005
    0.0500   14.4114
    0.1000   14.4447
    0.1500   14.4974
    0.2000   14.5661
    0.2500   14.6464
    0.3000   14.7350
    0.3500   14.8319
    0.4000   14.9428
    0.4500   15.0841
    0.5000   15.2859
    0.5500   15.5928
    0.6000   16.0536
    0.6500   16.7000
    0.7000   17.5301
    0.7500   18.5107
    0.8000   19.5888
    0.8500   20.6932
    0.9000   21.7162
    0.9500   22.4514
    1.0000   22.5199
    1.0433   22.4871
    1.0866   22.3692
    1.1299   22.1427
    1.1732   21.8483
    1.2165   21.5225
    1.2598   21.1898
    1.3031   20.8684
    1.3464   20.5724
    1.3897   20.3133
    1.4330   20.1014
    1.4763   19.9459
    1.5196   19.8548
    1.5629   19.8348
    1.6062   19.8908
    1.6495   20.0252
    1.6928   20.2385
    1.7361   20.5287
    1.7794   20.8927
    1.8227   21.3261
    1.8660   21.8046
    1.8910   21.7451
    1.9160   21.5010
    1.9410   21.0223
    1.9660   20.5500
    1.9910   20.0873
    2.0160   19.6349
    2.0410   19.1933
    2.0660   18.7631
    2.0910   18.3448
    2.1160   17.9391
    2.1410   17.5467
    2.1660   17.1688
    2.1910   16.8067
    2.2160   16.4625
    2.2410   16.1394
    2.2660   15.8424
    2.2910   15.5798
    2.3160   15.3653
    2.3410   15.2200
    2.3660   15.1677
    2.4014   15.1445
    2.4367   15.0761
    2.4721   14.9659
    2.5074   14.8187
    2.5428   14.6408
    2.5782   14.5742
    2.6135   14.5524
    2.6489   14.5304
    2.6842   14.5089
    2.7196   14.4887
    2.7549   14.4702
    2.7903   14.4540
    2.8256   14.4401
    2.8610   14.4284
    2.8964   14.4192
    2.9317   14.4120
    2.9671   14.4067
    3.0024   14.4031
    3.0378   14.4012
    3.0731   14.4005

    0.0000   38.5333
    0.0500   38.2636
    0.1000   37.6091
    0.1500   36.8063
    0.2000   35.9911
    0.2500   35.1689
    0.3000   34.3943
    0.3500   33.7010
    0.4000   32.9765
    0.4500   31.6631
    0.5000   30.3842
    0.5500   29.1543
    0.6000   27.9847
    0.6500   26.8865
    0.7000   25.8718
    0.7500   24.9551
    0.8000   24.1540
    0.8500   23.4903
    0.9000   22.9901
    0.9500   22.6913
    1.0000   22.6744
    1.0433   22.6349
    1.0866   22.5518
    1.1299   22.4390
    1.1732   22.2615
    1.2165   22.0458
    1.2598   21.8145
    1.3031   21.5816
    1.3464   21.3580
    1.3897   21.1535
    1.4330   20.9774
    1.4763   20.8390
    1.5196   20.7480
    1.5629   20.7134
    1.6062   20.7439
    1.6495   20.8461
    1.6928   21.0242
    1.7361   21.2794
    1.7794   21.6099
    1.8227   22.0113
    1.8660   21.8399
    1.8910   21.9992
    1.9160   21.6120
    1.9410   21.4398
    1.9660   21.2718
    1.9910   21.1172
    2.0160   20.9804
    2.0410   20.8622
    2.0660   20.7618
    2.0910   20.6780
    2.1160   20.6089
    2.1410   20.5527
    2.1660   20.5077
    2.1910   20.4720
    2.2160   20.4443
    2.2410   20.4231
    2.2660   20.4073
    2.2910   20.3960
    2.3160   20.3885
    2.3410   20.3842
    2.3660   20.3828
    2.4014   20.5406
    2.4367   20.9863
    2.4721   21.6590
    2.5074   22.4980
    2.5428   23.4581
    2.5782   24.5088
    2.6135   25.6295
    2.6489   26.8057
    2.6842   28.0261
    2.7196   29.2808
    2.7549   30.5597
    2.7903   31.8509
    2.8256   33.1382
    2.8610   34.3987
    2.8964   35.5980
    2.9317   36.6864
    2.9671   37.4858
    3.0024   38.0649
    3.0378   38.4159
    3.0731   38.5333

    0.0000   38.5333
    0.0500   38.5265
    0.1000   37.7956
    0.1500   36.9116
    0.2000   36.0162
    0.2500   35.2240
    0.3000   34.5303
    0.3500   33.9184
    0.4000   32.9778
    0.4500   31.6632
    0.5000   30.3844
    0.5500   29.1546
    0.6000   27.9851
    0.6500   26.8869
    0.7000   25.8722
    0.7500   24.9554
    0.8000   24.1542
    0.8500   23.4904
    0.9000   22.9915
    0.9500   22.7157
    1.0000   22.7929
    1.0433   22.7657
    1.0866   22.6834
    1.1299   22.5506
    1.1732   22.3475
    1.2165   22.1160
    1.2598   21.8725
    1.3031   21.6290
    1.3464   21.3959
    1.3897   21.1830
    1.4330   20.9996
    1.4763   20.8553
    1.5196   20.7598
    1.5629   20.7225
    1.6062   20.7521
    1.6495   20.8553
    1.6928   21.0360
    1.7361   21.2950
    1.7794   21.6304
    1.8227   22.0378
    1.8660   22.4737
    1.8910   22.3341
    1.9160   22.3408
    1.9410   22.2085
    1.9660   22.0781
    1.9910   21.9609
    2.0160   21.8608
    2.0410   21.7783
    2.0660   21.7122
    2.0910   21.6607
    2.1160   21.6217
    2.1410   21.5932
    2.1660   21.5731
    2.1910   21.5597
    2.2160   21.5512
    2.2410   21.5465
    2.2660   21.5441
    2.2910   21.5433
    2.3160   21.5432
    2.3410   21.5433
    2.3660   21.5434
    2.4014   21.6769
    2.4367   22.0608
    2.4721   22.6553
    2.5074   23.4154
    2.5428   24.3025
    2.5782   25.2872
    2.6135   26.3476
    2.6489   27.4673
    2.6842   28.6326
    2.7196   29.8311
    2.7549   31.0499
    2.7903   32.2735
    2.8256   33.4821
    2.8610   34.6484
    2.8964   35.7354
    2.9317   36.6972
    2.9671   37.6011
    3.0024   38.2824
    3.0378   38.5134
    3.0731   38.5333

    0.0000   38.5334
    0.0500   38.5460
    0.1000   38.5492
    0.1500   38.4238
    0.2000   37.8988
    0.2500   36.8541
    0.3000   35.6144
    0.3500   34.3064
    0.4000   33.0913
    0.4500   32.1914
    0.5000   30.9177
    0.5500   29.6828
    0.6000   28.5001
    0.6500   27.3812
    0.7000   26.3386
    0.7500   25.3871
    0.8000   24.5459
    0.8500   23.8395
    0.9000   23.2989
    0.9500   22.9582
    1.0000   22.8489
    1.0433   22.8224
    1.0866   22.7237
    1.1299   22.6061
    1.1732   22.5480
    1.2165   22.5033
    1.2598   22.4590
    1.3031   22.4135
    1.3464   22.3676
    1.3897   22.3234
    1.4330   22.2834
    1.4763   22.2499
    1.5196   22.2256
    1.5629   22.2133
    1.6062   22.2158
    1.6495   22.2365
    1.6928   22.2784
    1.7361   22.3435
    1.7794   22.4242
    1.8227   22.4370
    1.8660   22.4995
    1.8910   22.4594
    1.9160   22.8825
    1.9410   23.4291
    1.9660   23.9829
    1.9910   24.5426
    2.0160   25.1070
    2.0410   25.6750
    2.0660   26.2451
    2.0910   26.8153
    2.1160   27.3832
    2.1410   27.9455
    2.1660   28.4980
    2.1910   29.0352
    2.2160   29.5495
    2.2410   30.0310
    2.2660   30.4664
    2.2910   30.8388
    2.3160   31.1279
    2.3410   31.3127
    2.3660   31.3764
    2.4014   31.4098
    2.4367   31.5095
    2.4721   31.6749
    2.5074   31.9048
    2.5428   32.1976
    2.5782   32.5513
    2.6135   32.9633
    2.6489   33.4304
    2.6842   33.9490
    2.7196   34.5140
    2.7549   35.1191
    2.7903   35.7549
    2.8256   36.4071
    2.8610   37.0523
    2.8964   37.5883
    2.9317   38.0053
    2.9671   38.2853
    3.0024   38.4417
    3.0378   38.5410
    3.0731   38.5334

    0.0000   38.8336
    0.0500   38.5460
    0.1000   38.5492
    0.1500   38.4240
    0.2000   37.9011
    0.2500   36.8664
    0.3000   35.6262
    0.3500   34.3098
    0.4000   33.3882
    0.4500   32.1920
    0.5000   30.9177
    0.5500   29.6830
    0.6000   28.5003
    0.6500   27.3815
    0.7000   26.3388
    0.7500   25.3874
    0.8000   24.5461
    0.8500   23.8397
    0.9000   23.2989
    0.9500   22.9603
    1.0000   22.8913
    1.0433   22.8793
    1.0866   22.8917
    1.1299   22.9325
    1.1732   22.9803
    1.2165   23.0214
    1.2598   23.0493
    1.3031   23.0630
    1.3464   23.0644
    1.3897   23.0566
    1.4330   23.0434
    1.4763   23.0287
    1.5196   23.0161
    1.5629   23.0094
    1.6062   23.0118
    1.6495   23.0272
    1.6928   23.0589
    1.7361   23.1086
    1.7794   23.1675
    1.8227   23.1410
    1.8660   22.5229
    1.8910   23.0059
    1.9160   23.4868
    1.9410   23.8364
    1.9660   24.2445
    1.9910   24.7019
    2.0160   25.2003
    2.0410   25.7343
    2.0660   26.2993
    2.0910   26.8910
    2.1160   27.5046
    2.1410   28.1333
    2.1660   28.7589
    2.1910   29.3120
    2.2160   29.7970
    2.2410   30.2417
    2.2660   30.6392
    2.2910   30.9758
    2.3160   31.2348
    2.3410   31.3991
    2.3660   31.4555
    2.4014   31.4899
    2.4367   31.5926
    2.4721   31.7628
    2.5074   31.9989
    2.5428   32.2987
    2.5782   32.6595
    2.6135   33.0779
    2.6489   33.5498
    2.6842   34.0704
    2.7196   34.6330
    2.7549   35.2292
    2.7903   35.8463
    2.8256   36.4661
    2.8610   37.0601
    2.8964   37.6531
    2.9317   38.1559
    2.9671   38.5114
    3.0024   38.5635
    3.0378   38.6959
    3.0731   38.8336

    0.0000   38.8336
    0.0500   38.8369
    0.1000   38.7990
    0.1500   38.5579
    0.2000   37.9908
    0.2500   37.0023
    0.3000   35.7797
    0.3500   34.6805
    0.4000   33.4872
    0.4500   32.5617
    0.5000   32.1068
    0.5500   31.7215
    0.6000   31.3989
    0.6500   31.1324
    0.7000   30.9155
    0.7500   30.7424
    0.8000   30.6081
    0.8500   30.5081
    0.9000   30.4392
    0.9500   30.3987
    1.0000   30.3852
    1.0433   30.4956
    1.0866   30.8164
    1.1299   31.3238
    1.1732   31.9894
    1.2165   32.7876
    1.2598   33.6980
    1.3031   34.7057
    1.3464   35.7993
    1.3897   36.9704
    1.4330   36.9604
    1.4763   35.7366
    1.5196   34.2379
    1.5629   32.6398
    1.6062   31.0211
    1.6495   29.4196
    1.6928   27.8561
    1.7361   26.3460
    1.7794   24.9120
    1.8227   23.6535
    1.8660   23.1565
    1.8910   23.2509
    1.9160   23.5305
    1.9410   24.0455
    1.9660   24.5729
    1.9910   25.1057
    2.0160   25.6423
    2.0410   26.1815
    2.0660   26.7217
    2.0910   27.2609
    2.1160   27.7972
    2.1410   28.3290
    2.1660   28.8645
    2.1910   29.4602
    2.2160   30.0946
    2.2410   30.7169
    2.2660   31.3025
    2.2910   31.8237
    2.3160   32.2442
    2.3410   32.5220
    2.3660   32.6198
    2.4014   32.6705
    2.4367   32.8217
    2.4721   33.0704
    2.5074   33.4121
    2.5428   33.8408
    2.5782   34.3499
    2.6135   34.9321
    2.6489   35.5800
    2.6842   36.2863
    2.7196   37.0433
    2.7549   37.8435
    2.7903   38.6787
    2.8256   38.8382
    2.8610   38.7695
    2.8964   38.7050
    2.9317   38.6475
    2.9671   38.5996
    3.0024   38.7150
    3.0378   38.8080
    3.0731   38.8336

    0.0000   38.8337
    0.0500   38.8371
    0.1000   38.7991
    0.1500   38.5580
    0.2000   37.9911
    0.2500   37.1496
    0.3000   36.0309
    0.3500   34.7841
    0.4000   33.4914
    0.4500   32.9398
    0.5000   32.3714
    0.5500   31.9041
    0.6000   31.5720
    0.6500   31.3555
    0.7000   31.2306
    0.7500   31.1700
    0.8000   31.1420
    0.8500   31.1035
    0.9000   30.9689
    0.9500   30.6258
    1.0000   30.3859
    1.0433   30.4969
    1.0866   30.8203
    1.1299   31.3312
    1.1732   32.0003
    1.2165   32.8013
    1.2598   33.7140
    1.3031   34.7230
    1.3464   35.8172
    1.3897   36.9883
    1.4330   37.5165
    1.4763   36.2182
    1.5196   34.6906
    1.5629   33.0876
    1.6062   31.4777
    1.6495   29.8946
    1.6928   28.3577
    1.7361   26.8829
    1.7794   25.4957
    1.8227   24.3079
    1.8660   23.8693
    1.8910   23.9531
    1.9160   24.1778
    1.9410   24.4996
    1.9660   24.8897
    1.9910   25.3330
    2.0160   25.8204
    2.0410   26.3457
    2.0660   26.9039
    2.0910   27.4903
    2.1160   28.1000
    2.1410   28.7279
    2.1660   29.3677
    2.1910   30.0117
    2.2160   30.6498
    2.2410   31.2681
    2.2660   31.8475
    2.2910   32.3615
    2.3160   32.7751
    2.3410   33.0475
    2.3660   33.1433
    2.4014   33.1967
    2.4367   33.3556
    2.4721   33.6165
    2.5074   33.9742
    2.5428   34.4217
    2.5782   34.9516
    2.6135   35.5559
    2.6489   36.2266
    2.6842   36.9557
    2.7196   37.7356
    2.7549   38.5587
    2.7903   38.9088
    2.8256   38.9712
    2.8610   38.9406
    2.8964   38.9116
    2.9317   38.8857
    2.9671   38.8639
    3.0024   38.8475
    3.0378   38.8372
    3.0731   38.8337

    0.0000   44.3073
    0.0500   42.9038
    0.1000   41.3321
    0.1500   39.7998
    0.2000   38.3485
    0.2500   37.1595
    0.3000   36.0419
    0.3500   34.8003
    0.4000   33.7648
    0.4500   32.9883
    0.5000   32.5616
    0.5500   32.2485
    0.6000   31.9925
    0.6500   31.7861
    0.7000   31.6223
    0.7500   31.4946
    0.8000   31.3977
    0.8500   31.3270
    0.9000   31.2789
    0.9500   31.2511
    1.0000   31.2419
    1.0433   31.3327
    1.0866   31.5999
    1.1299   32.0310
    1.1732   32.6097
    1.2165   33.3190
    1.2598   34.1440
    1.3031   35.0721
    1.3464   36.0928
    1.3897   37.1969
    1.4330   38.2143
    1.4763   39.5215
    1.5196   40.8894
    1.5629   42.3115
    1.6062   43.7548
    1.6495   45.2293
    1.6928   46.7363
    1.7361   48.2590
    1.7794   49.7650
    1.8227   51.1751
    1.8660   52.2261
    1.8910   51.4359
    1.9160   50.5539
    1.9410   49.6563
    1.9660   48.7672
    1.9910   47.8959
    2.0160   47.0472
    2.0410   46.2235
    2.0660   45.4269
    2.0910   44.6590
    2.1160   43.9216
    2.1410   43.2169
    2.1660   42.5477
    2.1910   41.9181
    2.2160   41.3221
    2.2410   40.7528
    2.2660   40.2473
    2.2910   39.8215
    2.3160   39.4949
    2.3410   39.2878
    2.3660   39.2167
    2.4014   39.2151
    2.4367   39.2104
    2.4721   39.2026
    2.5074   39.1916
    2.5428   39.1775
    2.5782   39.1604
    2.6135   39.1402
    2.6489   39.1171
    2.6842   39.0914
    2.7196   39.0469
    2.7549   38.9792
    2.7903   39.0027
    2.8256   39.5405
    2.8610   40.4173
    2.8964   41.2946
    2.9317   41.9436
    2.9671   42.2765
    3.0024   42.8280
    3.0378   43.5725
    3.0731   44.3073

    0.0000   44.3677
    0.0500   43.3944
    0.1000   41.8417
    0.1500   40.3085
    0.2000   38.8470
    0.2500   37.4908
    0.3000   36.2610
    0.3500   35.1716
    0.4000   34.2431
    0.4500   33.4839
    0.5000   32.8934
    0.5500   32.4635
    0.6000   32.1778
    0.6500   32.0135
    0.7000   31.9419
    0.7500   31.9303
    0.8000   31.9403
    0.8500   31.9186
    0.9000   31.7736
    0.9500   31.4459
    1.0000   31.2423
    1.0433   31.3337
    1.0866   31.6032
    1.1299   32.0376
    1.1732   32.6197
    1.2165   33.3322
    1.2598   34.1598
    1.3031   35.0895
    1.3464   36.1111
    1.3897   37.2162
    1.4330   38.2305
    1.4763   39.5369
    1.5196   40.9029
    1.5629   42.3178
    1.6062   43.7649
    1.6495   45.2384
    1.6928   46.7433
    1.7361   48.2636
    1.7794   49.7675
    1.8227   51.1759
    1.8660   52.2262
    1.8910   51.7189
    1.9160   50.8190
    1.9410   49.9065
    1.9660   49.0034
    1.9910   48.1177
    2.0160   47.2532
    2.0410   46.4119
    2.0660   45.5952
    2.0910   44.8046
    2.1160   44.0415
    2.1410   43.3080
    2.1660   42.6072
    2.1910   41.9431
    2.2160   41.3339
    2.2410   40.8028
    2.2660   40.3355
    2.2910   39.9457
    2.3160   39.6495
    2.3410   39.4631
    2.3660   39.3993
    2.4014   39.3957
    2.4367   39.3848
    2.4721   39.3667
    2.5074   39.3414
    2.5428   39.3089
    2.5782   39.2692
    2.6135   39.2228
    2.6489   39.1698
    2.6842   39.1109
    2.7196   39.0634
    2.7549   39.0336
    2.7903   39.4173
    2.8256   40.3019
    2.8610   41.1864
    2.8964   41.5834
    2.9317   42.0369
    2.9671   42.5311
    3.0024   43.1637
    3.0378   43.8419
    3.0731   44.3677

    0.0000   44.4400
    0.0500   44.0180
    0.1000   43.2403
    0.1500   42.5426
    0.2000   42.2945
    0.2500   42.5425
    0.3000   43.1323
    0.3500   43.9471
    0.4000   44.9270
    0.4500   46.0392
    0.5000   47.2627
    0.5500   47.3638
    0.6000   44.9155
    0.6500   42.5521
    0.7000   40.2886
    0.7500   38.1433
    0.8000   36.1474
    0.8500   34.3650
    0.9000   32.9483
    0.9500   32.1679
    1.0000   31.9781
    1.0433   32.1010
    1.0866   32.4626
    1.1299   33.0419
    1.1732   33.8066
    1.2165   34.7134
    1.2598   35.7010
    1.3031   36.6677
    1.3464   37.4140
    1.3897   37.5930
    1.4330   38.3808
    1.4763   39.6337
    1.5196   40.9524
    1.5629   42.3362
    1.6062   43.7898
    1.6495   45.3023
    1.6928   46.8481
    1.7361   48.4102
    1.7794   49.9594
    1.8227   51.4236
    1.8660   52.2262
    1.8910   52.2324
    1.9160   52.2513
    1.9410   52.2823
    1.9660   51.9485
    1.9910   51.5662
    2.0160   51.1938
    2.0410   50.8351
    2.0660   49.9223
    2.0910   48.9679
    2.1160   48.0002
    2.1410   47.0333
    2.1660   46.0798
    2.1910   45.1516
    2.2160   44.2619
    2.2410   43.4265
    2.2660   42.6661
    2.2910   42.0085
    2.3160   41.4903
    2.3410   41.1538
    2.3660   41.0365
    2.4014   41.0270
    2.4367   40.9997
    2.4721   40.9579
    2.5074   40.9066
    2.5428   40.8517
    2.5782   40.7997
    2.6135   40.7573
    2.6489   40.7309
    2.6842   40.7270
    2.7196   40.7519
    2.7549   40.8124
    2.7903   40.9160
    2.8256   41.0726
    2.8610   41.3103
    2.8964   41.9321
    2.9317   42.1430
    2.9671   42.7157
    3.0024   43.3016
    3.0378   44.0268
    3.0731   44.4400

    0.0000   44.5745
    0.0500   44.0182
    0.1000   43.2408
    0.1500   42.5433
    0.2000   42.2952
    0.2500   42.5431
    0.3000   43.1328
    0.3500   43.9475
    0.4000   44.9274
    0.4500   46.0396
    0.5000   47.2631
    0.5500   47.8543
    0.6000   45.4416
    0.6500   43.1195
    0.7000   40.9047
    0.7500   38.8192
    0.8000   36.9000
    0.8500   35.2215
    0.9000   33.9413
    0.9500   33.2613
    1.0000   33.0882
    1.0433   33.2041
    1.0866   33.5463
    1.1299   34.0981
    1.1732   34.8318
    1.2165   35.7062
    1.2598   36.6590
    1.3031   37.5792
    1.3464   38.2440
    1.3897   38.2844
    1.4330   38.3981
    1.4763   39.6500
    1.5196   40.9668
    1.5629   42.3433
    1.6062   43.7992
    1.6495   45.3107
    1.6928   46.8546
    1.7361   48.4145
    1.7794   49.9618
    1.8227   51.4243
    1.8660   52.5238
    1.8910   52.5296
    1.9160   52.5462
    1.9410   52.3225
    1.9660   52.0244
    1.9910   51.6319
    2.0160   51.2544
    2.0410   50.8507
    2.0660   50.2490
    2.0910   49.3302
    2.1160   48.3943
    2.1410   47.4560
    2.1660   46.5280
    2.1910   45.6230
    2.2160   44.7544
    2.2410   43.9382
    2.2660   43.1953
    2.2910   42.5532
    2.3160   42.0478
    2.3410   41.7200
    2.3660   41.6058
    2.4014   41.5945
    2.4367   41.5619
    2.4721   41.5120
    2.5074   41.4506
    2.5428   41.3847
    2.5782   41.3217
    2.6135   41.2691
    2.6489   41.2341
    2.6842   41.2242
    2.7196   41.2471
    2.7549   41.3112
    2.7903   41.4264
    2.8256   41.6050
    2.8610   41.8619
    2.8964   42.1325
    2.9317   42.3735
    2.9671   42.9751
    3.0024   43.6720
    3.0378   44.1893
    3.0731   44.5745

    0.0000   44.5753
    0.0500   44.9903
    0.1000   44.1301
    0.1500   43.2940
    0.2000   42.8323
    0.2500   42.8881
    0.3000   43.3654
    0.3500   44.1252
    0.4000   45.0815
    0.4500   46.1870
    0.5000   47.4132
    0.5500   48.5821
    0.6000   49.9844
    0.6500   51.4585
    0.7000   52.9932
    0.7500   53.6429
    0.8000   54.1631
    0.8500   54.6690
    0.9000   55.1103
    0.9500   55.4202
    1.0000   55.5331
    1.0433   55.4391
    1.0866   55.0546
    1.1299   54.0699
    1.1732   52.4318
    1.2165   50.5271
    1.2598   48.6241
    1.3031   46.8872
    1.3464   45.5303
    1.3897   44.9012
    1.4330   45.2350
    1.4763   46.3126
    1.5196   47.8094
    1.5629   49.5460
    1.6062   51.4392
    1.6495   53.4461
    1.6928   55.4850
    1.7361   55.5433
    1.7794   55.0970
    1.8227   53.6296
    1.8660   52.5238
    1.8910   52.6876
    1.9160   52.6318
    1.9410   52.4194
    1.9660   52.3249
    1.9910   52.3782
    2.0160   51.7193
    2.0410   50.8970
    2.0660   50.5059
    2.0910   50.1959
    2.1160   49.9106
    2.1410   49.6508
    2.1660   49.4171
    2.1910   49.2101
    2.2160   49.0301
    2.2410   48.8773
    2.2660   48.7520
    2.2910   48.6544
    2.3160   48.5846
    2.3410   48.5426
    2.3660   48.5286
    2.4014   48.5522
    2.4367   48.6204
    2.4721   48.7257
    2.5074   48.8567
    2.5428   47.9319
    2.5782   47.0192
    2.6135   46.1599
    2.6489   45.3579
    2.6842   44.6175
    2.7196   43.9434
    2.7549   43.3422
    2.7903   42.8229
    2.8256   42.3991
    2.8610   42.0942
    2.8964   42.1900
    2.9317   42.6955
    2.9671   43.2712
    3.0024   43.8947
    3.0378   44.4162
    3.0731   44.5753

    0.0000   44.6293
    0.0500   44.9906
    0.1000   44.1303
    0.1500   43.2942
    0.2000   42.8326
    0.2500   42.8885
    0.3000   43.3657
    0.3500   44.1255
    0.4000   45.0818
    0.4500   46.1873
    0.5000   47.4135
    0.5500   48.5825
    0.6000   49.9848
    0.6500   51.4590
    0.7000   52.9938
    0.7500   53.7665
    0.8000   54.2665
    0.8500   54.7539
    0.9000   55.1797
    0.9500   55.4788
    1.0000   55.5877
    1.0433   55.4972
    1.0866   55.1314
    1.1299   54.2013
    1.1732   52.6233
    1.2165   50.7568
    1.2598   48.8845
    1.3031   47.1884
    1.3464   45.9087
    1.3897   45.4154
    1.4330   45.8857
    1.4763   47.0408
    1.5196   48.5714
    1.5629   50.3194
    1.6062   52.2119
    1.6495   54.2052
    1.6928   55.8937
    1.7361   55.5451
    1.7794   55.0992
    1.8227   53.9270
    1.8660   52.5240
    1.8910   52.9322
    1.9160   52.7768
    1.9410   52.5736
    1.9660   52.6111
    1.9910   52.5153
    2.0160   51.9643
    2.0410   51.1343
    2.0660   50.5631
    2.0910   50.2528
    2.1160   49.9679
    2.1410   49.7088
    2.1660   49.4760
    2.1910   49.2699
    2.2160   49.0907
    2.2410   48.9388
    2.2660   48.8142
    2.2910   48.7172
    2.3160   48.6478
    2.3410   48.6062
    2.3660   48.5923
    2.4014   48.6123
    2.4367   48.6703
    2.4721   48.7597
    2.5074   48.8703
    2.5428   48.0974
    2.5782   47.1736
    2.6135   46.3049
    2.6489   45.4957
    2.6842   44.7511
    2.7196   44.0772
    2.7549   43.4825
    2.7903   42.9788
    2.8256   42.5840
    2.8610   42.3261
    2.8964   42.2694
    2.9317   43.0186
    2.9671   43.8695
    3.0024   44.6219
    3.0378   45.0160
    3.0731   44.6293

    0.0000   44.6294
    0.0500   45.0022
    0.1000   46.0586
    0.1500   47.4891
    0.2000   49.1766
    0.2500   50.2131
    0.3000   50.7650
    0.3500   50.9081
    0.4000   51.0877
    0.4500   51.3085
    0.5000   49.8763
    0.5500   48.7409
    0.6000   50.1546
    0.6500   51.6423
    0.7000   53.1405
    0.7500   54.5771
    0.8000   56.1941
    0.8500   57.8194
    0.9000   59.3984
    0.9500   60.7696
    1.0000   61.3970
    1.0433   60.4728
    1.0866   58.8476
    1.1299   57.6366
    1.1732   57.0809
    1.2165   56.8620
    1.2598   56.7662
    1.3031   56.7162
    1.3464   56.6821
    1.3897   56.6498
    1.4330   56.6110
    1.4763   56.5596
    1.5196   56.4898
    1.5629   56.3954
    1.6062   56.2693
    1.6495   56.1062
    1.6928   55.9464
    1.7361   55.5557
    1.7794   55.1014
    1.8227   54.6665
    1.8660   54.5056
    1.8910   54.4242
    1.9160   54.1765
    1.9410   53.7671
    1.9660   53.2067
    1.9910   52.6580
    2.0160   52.4411
    2.0410   52.5124
    2.0660   52.5905
    2.0910   52.6736
    2.1160   52.7599
    2.1410   52.8473
    2.1660   52.9337
    2.1910   53.0168
    2.2160   53.0945
    2.2410   53.1645
    2.2660   53.2249
    2.2910   53.1988
    2.3160   53.0285
    2.3410   52.9259
    2.3660   52.8916
    2.4014   52.0246
    2.4367   50.9503
    2.4721   49.9024
    2.5074   48.8945
    2.5428   48.9894
    2.5782   49.1007
    2.6135   49.1864
    2.6489   49.2268
    2.6842   49.2006
    2.7196   49.0873
    2.7549   48.8704
    2.7903   48.5440
    2.8256   48.1173
    2.8610   47.6154
    2.8964   47.0729
    2.9317   46.5245
    2.9671   45.9977
    3.0024   45.5034
    3.0378   45.1776
    3.0731   44.6294

    0.0000   45.3271
    0.0500   45.0260
    0.1000   46.0907
    0.1500   47.5696
    0.2000   49.2929
    0.2500   50.6530
    0.3000   50.8649
    0.3500   51.1991
    0.4000   51.3607
    0.4500   51.5621
    0.5000   50.3380
    0.5500   48.7411
    0.6000   50.1549
    0.6500   51.6425
    0.7000   53.1922
    0.7500   54.5775
    0.8000   56.1946
    0.8500   57.8198
    0.9000   59.3987
    0.9500   60.7702
    1.0000   61.4163
    1.0433   60.8296
    1.0866   59.1664
    1.1299   57.9050
    1.1732   57.3055
    1.2165   57.0728
    1.2598   56.9790
    1.3031   56.9367
    1.3464   56.9109
    1.3897   56.8850
    1.4330   56.8492
    1.4763   56.7964
    1.5196   56.7205
    1.5629   56.6150
    1.6062   56.4742
    1.6495   56.2652
    1.6928   55.9491
    1.7361   55.5565
    1.7794   55.1062
    1.8227   54.6666
    1.8660   54.5069
    1.8910   54.4987
    1.9160   54.2685
    1.9410   53.8877
    1.9660   53.3648
    1.9910   52.7162
    2.0160   52.7132
    2.0410   52.7756
    2.0660   52.8438
    2.0910   52.9162
    2.1160   52.9912
    2.1410   53.0669
    2.1660   53.1415
    2.1910   53.2130
    2.2160   53.2797
    2.2410   53.3396
    2.2660   53.3911
    2.2910   53.2740
    2.3160   53.3101
    2.3410   53.3322
    2.3660   53.3397
    2.4014   52.2626
    2.4367   51.1593
    2.4721   50.0942
    2.5074   49.0722
    2.5428   48.9983
    2.5782   49.1325
    2.6135   49.2387
    2.6489   49.2944
    2.6842   49.2756
    2.7196   49.1596
    2.7549   48.9302
    2.7903   48.5847
    2.8256   48.1390
    2.8610   47.6256
    2.8964   47.0858
    2.9317   46.5622
    2.9671   46.0951
    3.0024   45.7221
    3.0378   45.4741
    3.0731   45.3271

    0.0000   45.3932
    0.0500   45.9747
    0.1000   47.3248
    0.1500   48.4836
    0.2000   49.4364
    0.2500   50.6909
    0.3000   51.0722
    0.3500   51.4417
    0.4000   51.9758
    0.4500   52.1989
    0.5000   51.5750
    0.5500   51.8907
    0.6000   52.2578
    0.6500   52.6759
    0.7000   53.1929
    0.7500   54.7930
    0.8000   56.4298
    0.8500   58.0799
    0.9000   59.6939
    0.9500   60.9934
    1.0000   61.4381
    1.0433   61.2698
    1.0866   60.9174
    1.1299   60.4488
    1.1732   59.9392
    1.2165   59.4318
    1.2598   58.9503
    1.3031   58.5077
    1.3464   58.1107
    1.3897   57.7614
    1.4330   57.4584
    1.4763   57.1963
    1.5196   56.9648
    1.5629   56.7481
    1.6062   56.5239
    1.6495   56.2708
    1.6928   55.9515
    1.7361   55.5942
    1.7794   55.1064
    1.8227   54.6896
    1.8660   54.5090
    1.8910   54.6016
    1.9160   55.2168
    1.9410   55.8987
    1.9660   56.4830
    1.9910   57.0858
    2.0160   57.6677
    2.0410   57.9154
    2.0660   57.4094
    2.0910   56.7630
    2.1160   56.1348
    2.1410   55.5480
    2.1660   55.0108
    2.1910   54.5277
    2.2160   54.1024
    2.2410   53.7376
    2.2660   53.4358
    2.2910   53.4329
    2.3160   53.4636
    2.3410   53.4823
    2.3660   53.4644
    2.4014   54.3827
    2.4367   55.5346
    2.4721   56.6980
    2.5074   57.8271
    2.5428   58.8320
    2.5782   59.0241
    2.6135   57.8857
    2.6489   56.8168
    2.6842   55.8219
    2.7196   54.9044
    2.7549   54.0673
    2.7903   53.3130
    2.8256   52.5013
    2.8610   51.2406
    2.8964   50.0061
    2.9317   48.8042
    2.9671   47.6416
    3.0024   46.5264
    3.0378   45.4753
    3.0731   45.3932

    0.0000   45.4522
    0.0500   46.5379
    0.1000   47.8517
    0.1500   48.9877
    0.2000   49.9245
    0.2500   50.9740
    0.3000   51.3369
    0.3500   51.9107
    0.4000   52.4460
    0.4500   52.6926
    0.5000   51.8079
    0.5500   52.1021
    0.6000   52.4470
    0.6500   52.8429
    0.7000   53.2863
    0.7500   54.7932
    0.8000   56.4299
    0.8500   58.0800
    0.9000   59.6941
    0.9500   61.1208
    1.0000   61.7994
    1.0433   61.2946
    1.0866   60.9406
    1.1299   60.4709
    1.1732   59.9605
    1.2165   59.4524
    1.2598   58.9704
    1.3031   58.5272
    1.3464   58.1294
    1.3897   57.7794
    1.4330   57.4753
    1.4763   57.2119
    1.5196   56.9786
    1.5629   56.7597
    1.6062   56.5329
    1.6495   56.2966
    1.6928   55.9533
    1.7361   55.7127
    1.7794   55.2774
    1.8227   54.6914
    1.8660   54.5751
    1.8910   54.6132
    1.9160   55.3067
    1.9410   55.9376
    1.9660   56.5176
    1.9910   57.1193
    2.0160   57.7155
    2.0410   58.1682
    2.0660   57.9683
    2.0910   57.3790
    2.1160   56.7605
    2.1410   56.1723
    2.1660   55.6294
    2.1910   55.1389
    2.2160   54.7055
    2.2410   54.3327
    2.2660   54.0235
    2.2910   53.7804
    2.3160   53.6054
    2.3410   53.4998
    2.3660   53.4887
    2.4014   54.5683
    2.4367   55.7487
    2.4721   56.9288
    2.5074   58.0733
    2.5428   59.0986
    2.5782   59.0868
    2.6135   57.9669
    2.6489   56.9189
    2.6842   55.9472
    2.7196   55.0550
    2.7549   54.2447
    2.7903   53.5180
    2.8256   52.6434
    2.8610   51.7481
    2.8964   50.5240
    2.9317   49.3329
    2.9671   48.1826
    3.0024   47.0849
    3.0378   46.0688
    3.0731   45.4522

    0.0000   50.4154
    0.0500   50.4428
    0.1000   50.4673
    0.1500   50.5086
    0.2000   50.5698
    0.2500   51.0553
    0.3000   53.0893
    0.3500   55.2624
    0.4000   55.1246
    0.4500   52.8528
    0.5000   53.1656
    0.5500   53.7637
    0.6000   54.4285
    0.6500   55.1655
    0.7000   55.9840
    0.7500   56.8909
    0.8000   57.8862
    0.8500   58.9551
    0.9000   60.0447
    0.9500   61.1236
    1.0000   61.8174
    1.0433   61.6552
    1.0866   61.2687
    1.1299   60.7656
    1.1732   60.2266
    1.2165   59.6948
    1.2598   59.1924
    1.3031   58.7310
    1.3464   58.3163
    1.3897   57.9494
    1.4330   57.6277
    1.4763   57.3447
    1.5196   57.0892
    1.5629   56.8445
    1.6062   56.5890
    1.6495   56.2999
    1.6928   55.9593
    1.7361   56.6419
    1.7794   55.3750
    1.8227   54.9088
    1.8660   54.5755
    1.8910   54.8570
    1.9160   55.3485
    1.9410   56.1218
    1.9660   57.1389
    1.9910   58.2110
    2.0160   59.1851
    2.0410   58.8379
    2.0660   59.3098
    2.0910   59.9901
    2.1160   60.7225
    2.1410   61.4865
    2.1660   61.6069
    2.1910   61.7198
    2.2160   61.8334
    2.2410   61.9407
    2.2660   62.0359
    2.2910   62.1145
    2.3160   62.1730
    2.3410   62.2090
    2.3660   62.2211
    2.4014   62.2335
    2.4367   62.2636
    2.4721   62.2845
    2.5074   61.4813
    2.5428   60.2259
    2.5782   59.4873
    2.6135   59.4306
    2.6489   58.6739
    2.6842   57.5743
    2.7196   56.3442
    2.7549   55.0678
    2.7903   53.7810
    2.8256   52.8771
    2.8610   52.0610
    2.8964   51.5659
    2.9317   51.1598
    2.9671   50.8433
    3.0024   50.6166
    3.0378   50.4785
    3.0731   50.4154

    0.0000   50.4346
    0.0500   50.7933
    0.1000   50.8166
    0.1500   50.8511
    0.2000   50.9028
    0.2500   51.1974
    0.3000   53.2495
    0.3500   55.4357
    0.4000   55.5010
    0.4500   53.2327
    0.5000   53.6045
    0.5500   54.2017
    0.6000   54.8611
    0.6500   55.5910
    0.7000   56.4017
    0.7500   57.3006
    0.8000   58.2887
    0.8500   59.3519
    0.9000   60.4383
    0.9500   61.3901
    1.0000   61.8335
    1.0433   61.6737
    1.0866   61.2863
    1.1299   60.7826
    1.1732   60.2431
    1.2165   59.7109
    1.2598   59.2081
    1.3031   58.7463
    1.3464   58.3311
    1.3897   57.9634
    1.4330   57.6407
    1.4763   57.3564
    1.5196   57.0991
    1.5629   56.8523
    1.6062   56.5943
    1.6495   56.3025
    1.6928   56.4667
    1.7361   56.9384
    1.7794   55.3985
    1.8227   54.9887
    1.8660   54.5756
    1.8910   54.9149
    1.9160   55.3947
    1.9410   56.2609
    1.9660   57.2990
    1.9910   58.3803
    2.0160   59.3184
    2.0410   59.3101
    2.0660   59.4699
    2.0910   60.0864
    2.1160   60.8018
    2.1410   61.5027
    2.1660   62.1880
    2.1910   62.3096
    2.2160   62.4334
    2.2410   62.5515
    2.2660   62.6573
    2.2910   62.7451
    2.3160   62.8107
    2.3410   62.8513
    2.3660   62.8650
    2.4014   62.8667
    2.4367   62.8618
    2.4721   62.7695
    2.5074   61.5149
    2.5428   60.2728
    2.5782   59.7912
    2.6135   59.7918
    2.6489   59.0813
    2.6842   58.0105
    2.7196   56.8005
    2.7549   55.5397
    2.7903   54.2661
    2.8256   52.9986
    2.8610   52.3215
    2.8964   51.8522
    2.9317   51.4691
    2.9671   51.1716
    3.0024   50.9589
    3.0378   50.6399
    3.0731   50.4346

    0.0000   50.4547
    0.0500   50.9049
    0.1000   52.0624
    0.1500   53.5703
    0.2000   55.2570
    0.2500   57.0493
    0.3000   58.9135
    0.3500   57.6282
    0.4000   57.5630
    0.4500   59.9836
    0.5000   62.5191
    0.5500   65.1653
    0.6000   67.9190
    0.6500   70.7776
    0.7000   72.4791
    0.7500   70.7294
    0.8000   69.1786
    0.8500   67.8647
    0.9000   66.8428
    0.9500   66.1829
    1.0000   65.9440
    1.0433   66.1289
    1.0866   66.6179
    1.1299   67.2583
    1.1732   67.7570
    1.2165   68.3909
    1.2598   69.1656
    1.3031   70.0824
    1.3464   71.1395
    1.3897   71.4273
    1.4330   69.3398
    1.4763   67.3207
    1.5196   65.3699
    1.5629   63.4875
    1.6062   61.6735
    1.6495   59.9278
    1.6928   58.2506
    1.7361   57.7634
    1.7794   60.0014
    1.8227   62.2735
    1.8660   64.3840
    1.8910   63.4755
    1.9160   62.5409
    1.9410   61.6336
    1.9660   60.7599
    1.9910   59.9309
    2.0160   59.4916
    2.0410   60.4524
    2.0660   61.3455
    2.0910   61.3601
    2.1160   61.4169
    2.1410   61.5595
    2.1660   62.2763
    2.1910   63.0898
    2.2160   63.9256
    2.2410   64.7829
    2.2660   65.6257
    2.2910   65.6679
    2.3160   65.6998
    2.3410   65.7197
    2.3660   65.7265
    2.4014   65.1862
    2.4367   64.0525
    2.4721   62.7956
    2.5074   62.2325
    2.5428   61.9775
    2.5782   61.3737
    2.6135   60.4445
    2.6489   59.3646
    2.6842   58.2764
    2.7196   57.2575
    2.7549   56.3458
    2.7903   55.5510
    2.8256   54.8554
    2.8610   54.2148
    2.8964   53.5677
    2.9317   52.8563
    2.9671   51.9525
    3.0024   51.1829
    3.0378   50.6730
    3.0731   50.4547

    0.0000   50.7696
    0.0500   50.9080
    0.1000   52.0631
    0.1500   53.5709
    0.2000   55.2576
    0.2500   57.0500
    0.3000   58.9140
    0.3500   57.9801
    0.4000   57.7455
    0.4500   60.1725
    0.5000   62.7121
    0.5500   65.3609
    0.6000   68.1161
    0.6500   70.9755
    0.7000   72.5006
    0.7500   70.7562
    0.8000   69.2117
    0.8500   67.9049
    0.9000   66.8901
    0.9500   66.2358
    1.0000   65.9514
    1.0433   66.1401
    1.0866   66.6307
    1.1299   67.3114
    1.1732   67.9400
    1.2165   68.5634
    1.2598   69.3264
    1.3031   70.2319
    1.3464   71.2792
    1.3897   71.7162
    1.4330   69.6304
    1.4763   67.6126
    1.5196   65.6629
    1.5629   63.7814
    1.6062   61.9682
    1.6495   60.2233
    1.6928   58.5466
    1.7361   58.5259
    1.7794   60.7468
    1.8227   62.9983
    1.8660   64.4306
    1.8910   63.8542
    1.9160   63.1360
    1.9410   62.3387
    1.9660   61.4654
    1.9910   60.6328
    2.0160   59.8681
    2.0410   60.6253
    2.0660   61.6076
    2.0910   61.9331
    2.1160   61.9888
    2.1410   62.0777
    2.1660   62.3470
    2.1910   63.1599
    2.2160   63.9963
    2.2410   64.8549
    2.2660   65.6607
    2.2910   65.7235
    2.3160   65.7358
    2.3410   65.7435
    2.3660   65.7461
    2.4014   65.2028
    2.4367   64.0698
    2.4721   62.8177
    2.5074   62.6491
    2.5428   62.2360
    2.5782   61.4922
    2.6135   60.4990
    2.6489   59.4126
    2.6842   58.3472
    2.7196   57.3682
    2.7549   56.5079
    2.7903   55.7708
    2.8256   55.1324
    2.8610   54.5423
    2.8964   53.8385
    2.9317   52.8576
    2.9671   52.0733
    3.0024   51.2906
    3.0378   50.8330
    3.0731   50.7696

    0.0000   50.7938
    0.0500   51.2944
    0.1000   52.4976
    0.1500   54.0296
    0.2000   55.7235
    0.2500   57.5129
    0.3000   59.3682
    0.3500   60.8327
    0.4000   62.7960
    0.4500   64.7954
    0.5000   66.8191
    0.5500   68.8419
    0.6000   70.7963
    0.6500   72.4727
    0.7000   73.2797
    0.7500   72.7004
    0.8000   71.3137
    0.8500   69.6808
    0.9000   68.0419
    0.9500   66.6191
    1.0000   65.9593
    1.0433   66.2018
    1.0866   66.7255
    1.1299   67.3256
    1.1732   68.1280
    1.2165   69.0152
    1.2598   69.9307
    1.3031   70.8243
    1.3464   71.5929
    1.3897   71.8846
    1.4330   71.0909
    1.4763   69.7551
    1.5196   68.3976
    1.5629   67.1509
    1.6062   66.0708
    1.6495   65.1998
    1.6928   64.5746
    1.7361   64.2203
    1.7794   64.1427
    1.8227   64.3230
    1.8660   64.4834
    1.8910   64.1851
    1.9160   63.2541
    1.9410   62.5365
    1.9660   62.0636
    1.9910   61.7267
    2.0160   61.5091
    2.0410   61.3892
    2.0660   61.7776
    2.0910   62.7791
    2.1160   63.9633
    2.1410   65.1556
    2.1660   65.3995
    2.1910   65.4602
    2.2160   65.5197
    2.2410   65.5756
    2.2660   65.7072
    2.2910   66.5580
    2.3160   67.4718
    2.3410   68.3898
    2.3660   68.7683
    2.4014   68.5369
    2.4367   67.9151
    2.4721   67.0428
    2.5074   65.9483
    2.5428   64.9175
    2.5782   63.8252
    2.6135   62.6876
    2.6489   61.5454
    2.6842   60.4054
    2.7196   59.2720
    2.7549   58.1486
    2.7903   57.0386
    2.8256   55.9461
    2.8610   54.8777
    2.8964   53.9401
    2.9317   53.2560
    2.9671   52.4145
    3.0024   51.6047
    3.0378   51.0186
    3.0731   50.7938

    0.0000   50.8154
    0.0500   51.2950
    0.1000   52.4978
    0.1500   54.0298
    0.2000   55.7237
    0.2500   57.5131
    0.3000   59.3683
    0.3500   60.8334
    0.4000   62.7966
    0.4500   64.7960
    0.5000   66.8197
    0.5500   68.8425
    0.6000   70.7968
    0.6500   72.4731
    0.7000   73.2801
    0.7500   72.7009
    0.8000   71.3142
    0.8500   69.6813
    0.9000   68.0424
    0.9500   66.6197
    1.0000   65.9992
    1.0433   66.2127
    1.0866   66.7375
    1.1299   67.4461
    1.1732   68.1448
    1.2165   69.0337
    1.2598   69.9514
    1.3031   70.8474
    1.3464   71.6186
    1.3897   71.9058
    1.4330   71.1044
    1.4763   69.7672
    1.5196   68.4112
    1.5629   67.1671
    1.6062   66.0904
    1.6495   65.2233
    1.6928   64.6021
    1.7361   64.2517
    1.7794   64.1779
    1.8227   64.3643
    1.8660   64.9695
    1.8910   64.4975
    1.9160   63.7843
    1.9410   63.1750
    1.9660   62.6944
    1.9910   62.3436
    2.0160   62.1106
    2.0410   61.9772
    2.0660   61.9245
    2.0910   62.9460
    2.1160   64.1252
    2.1410   65.3114
    2.1660   65.6186
    2.1910   65.6425
    2.2160   65.6658
    2.2410   65.6876
    2.2660   65.7350
    2.2910   66.6355
    2.3160   67.5551
    2.3410   68.4875
    2.3660   69.0864
    2.4014   68.8036
    2.4367   68.0588
    2.4721   67.0500
    2.5074   66.0312
    2.5428   64.9466
    2.5782   64.2231
    2.6135   63.2336
    2.6489   62.0885
    2.6842   60.9470
    2.7196   59.8128
    2.7549   58.6881
    2.7903   57.5755
    2.8256   56.4781
    2.8610   55.4010
    2.8964   54.3526
    2.9317   53.3480
    2.9671   52.4840
    3.0024   51.6920
    3.0378   51.0503
    3.0731   50.8154

    0.0000   57.4767
    0.0500   57.6715
    0.1000   58.2492
    0.1500   59.1608
    0.2000   60.2086
    0.2500   60.7509
    0.3000   59.7728
    0.3500   61.2761
    0.4000   63.2272
    0.4500   65.2158
    0.5000   67.2324
    0.5500   69.2553
    0.6000   71.2224
    0.6500   72.9271
    0.7000   73.7256
    0.7500   73.0493
    0.8000   71.5821
    0.8500   69.8947
    0.9000   68.2067
    0.9500   66.7235
    1.0000   66.0117
    1.0433   66.4899
    1.0866   66.8785
    1.1299   67.4571
    1.1732   68.3040
    1.2165   69.2211
    1.2598   70.1681
    1.3031   71.1030
    1.3464   71.9441
    1.3897   72.3249
    1.4330   71.5003
    1.4763   70.1059
    1.5196   68.7419
    1.5629   67.5133
    1.6062   66.4656
    1.6495   65.6350
    1.6928   65.0519
    1.7361   64.7347
    1.7794   64.6853
    1.8227   64.8893
    1.8660   64.9750
    1.8910   64.9781
    1.9160   64.9876
    1.9410   65.0036
    1.9660   65.0259
    1.9910   65.0544
    2.0160   65.0890
    2.0410   65.1293
    2.0660   65.1752
    2.0910   65.2260
    2.1160   65.2810
    2.1410   65.3393
    2.1660   66.3506
    2.1910   67.4699
    2.2160   67.7000
    2.2410   67.9391
    2.2660   68.1796
    2.2910   68.4056
    2.3160   68.5957
    2.3410   68.7262
    2.3660   69.2830
    2.4014   69.0181
    2.4367   68.3130
    2.4721   67.3450
    2.5074   66.2758
    2.5428   65.2643
    2.5782   64.3768
    2.6135   64.2492
    2.6489   64.9955
    2.6842   66.1111
    2.7196   66.9773
    2.7549   66.6492
    2.7903   65.1980
    2.8256   63.5077
    2.8610   61.8972
    2.8964   60.4747
    2.9317   59.3129
    2.9671   58.4529
    3.0024   57.8876
    3.0378   57.5756
    3.0731   57.4767

    0.0000   58.1447
    0.0500   58.3383
    0.1000   58.9086
    0.1500   59.7944
    0.2000   60.7729
    0.2500   61.1795
    0.3000   60.1159
    0.3500   61.2762
    0.4000   63.2274
    0.4500   65.2159
    0.5000   67.2325
    0.5500   69.2554
    0.6000   71.2225
    0.6500   72.9271
    0.7000   73.7256
    0.7500   73.0494
    0.8000   71.5822
    0.8500   69.8949
    0.9000   68.2069
    0.9500   66.7239
    1.0000   66.0208
    1.0433   66.6109
    1.0866   67.0610
    1.1299   67.4698
    1.1732   68.3193
    1.2165   69.2380
    1.2598   70.1870
    1.3031   71.1241
    1.3464   71.9677
    1.3897   72.3558
    1.4330   71.5118
    1.4763   70.1169
    1.5196   68.7547
    1.5629   67.5287
    1.6062   66.4841
    1.6495   65.6571
    1.6928   65.0774
    1.7361   64.7633
    1.7794   64.7165
    1.8227   64.9238
    1.8660   65.1010
    1.8910   65.4172
    1.9160   65.4551
    1.9410   65.4615
    1.9660   65.4704
    1.9910   65.4817
    2.0160   65.4955
    2.0410   65.5115
    2.0660   65.5298
    2.0910   65.5499
    2.1160   65.5717
    2.1410   65.5948
    2.1660   66.4990
    2.1910   67.5443
    2.2160   68.3797
    2.2410   68.6143
    2.2660   68.8527
    2.2910   69.0796
    2.3160   69.2727
    2.3410   69.4052
    2.3660   69.4549
    2.4014   69.2067
    2.4367   68.5499
    2.4721   67.6447
    2.5074   66.6088
    2.5428   65.5080
    2.5782   64.5659
    2.6135   64.5629
    2.6489   65.2873
    2.6842   66.3951
    2.7196   67.3915
    2.7549   67.0644
    2.7903   65.7016
    2.8256   64.0748
    2.8610   62.5041
    2.8964   61.1086
    2.9317   59.9644
    2.9671   59.1142
    3.0024   58.5533
    3.0378   58.2431
    3.0731   58.1447

    0.0000   79.1905
    0.0500   77.4076
    0.1000   74.6185
    0.1500   71.7886
    0.2000   69.2366
    0.2500   67.6008
    0.3000   67.8488
    0.3500   69.5666
    0.4000   71.8961
    0.4500   74.4705
    0.5000   77.0802
    0.5500   78.7012
    0.6000   76.4799
    0.6500   74.4017
    0.7000   73.7388
    0.7500   75.4545
    0.8000   73.1136
    0.8500   70.9665
    0.9000   69.0921
    0.9500   67.6650
    1.0000   67.0807
    1.0433   67.7285
    1.0866   69.7833
    1.1299   72.3189
    1.1732   75.0216
    1.2165   77.8012
    1.2598   78.0987
    1.3031   75.8068
    1.3464   73.5830
    1.3897   72.3851
    1.4330   73.6524
    1.4763   74.4029
    1.5196   74.3878
    1.5629   73.9769
    1.6062   73.1734
    1.6495   71.7804
    1.6928   70.3203
    1.7361   69.0782
    1.7794   67.7373
    1.8227   66.1738
    1.8660   65.1483
    1.8910   65.4551
    1.9160   65.9091
    1.9410   66.1089
    1.9660   66.2232
    1.9910   66.3157
    2.0160   66.4081
    2.0410   66.5092
    2.0660   66.6237
    2.0910   66.7545
    2.1160   66.9037
    2.1410   67.0730
    2.1660   67.2630
    2.1910   67.6805
    2.2160   68.7180
    2.2410   69.8667
    2.2660   70.9675
    2.2910   71.9871
    2.3160   71.4111
    2.3410   70.4339
    2.3660   69.6616
    2.4014   70.2695
    2.4367   70.7483
    2.4721   69.0875
    2.5074   67.6344
    2.5428   66.5378
    2.5782   65.9580
    2.6135   65.8822
    2.6489   66.1404
    2.6842   66.5745
    2.7196   67.4592
    2.7549   68.7453
    2.7903   69.7354
    2.8256   70.6420
    2.8610   71.7301
    2.8964   72.9363
    2.9317   74.2347
    2.9671   75.6049
    3.0024   77.0183
    3.0378   78.3953
    3.0731   79.1905

    0.0000   79.2300
    0.0500   77.8165
    0.1000   75.0674
    0.1500   72.2783
    0.2000   69.8035
    0.2500   68.3034
    0.3000   68.6274
    0.3500   70.3155
    0.4000   72.5799
    0.4500   75.0614
    0.5000   77.5343
    0.5500   78.7120
    0.6000   76.4936
    0.6500   74.4189
    0.7000   73.9369
    0.7500   75.7156
    0.8000   73.4040
    0.8500   71.2726
    0.9000   69.4056
    0.9500   67.9795
    1.0000   67.3935
    1.0433   68.0145
    1.0866   70.0365
    1.1299   72.5774
    1.1732   75.2948
    1.2165   78.0967
    1.2598   78.3794
    1.3031   76.0911
    1.3464   73.8699
    1.3897   72.4705
    1.4330   73.7830
    1.4763   74.4360
    1.5196   74.4289
    1.5629   74.0218
    1.6062   73.2181
    1.6495   72.0680
    1.6928   70.7435
    1.7361   69.2812
    1.7794   67.7714
    1.8227   66.1993
    1.8660   65.1965
    1.8910   65.4814
    1.9160   66.4117
    1.9410   66.7806
    1.9660   66.9252
    1.9910   67.0317
    2.0160   67.1297
    2.0410   67.2316
    2.0660   67.3437
    2.0910   67.4699
    2.1160   67.6130
    2.1410   67.7750
    2.1660   67.9573
    2.1910   68.1601
    2.2160   68.8479
    2.2410   69.9838
    2.2660   71.0689
    2.2910   72.0673
    2.3160   71.4660
    2.3410   70.4730
    2.3660   69.7154
    2.4014   70.3189
    2.4367   70.9093
    2.4721   69.3277
    2.5074   67.9876
    2.5428   67.0400
    2.5782   66.5850
    2.6135   66.5535
    2.6489   66.7933
    2.6842   67.1673
    2.7196   67.6748
    2.7549   69.0265
    2.7903   70.1413
    2.8256   71.3155
    2.8610   72.3510
    2.8964   73.5162
    2.9317   74.7793
    2.9671   76.1156
    3.0024   77.4887
    3.0378   78.7947
    3.0731   79.2300

    0.0000   79.2796
    0.0500   79.3246
    0.1000   79.5857
    0.1500   80.0180
    0.2000   80.6150
    0.2500   81.3648
    0.3000   82.2450
    0.3500   83.2087
    0.4000   84.1375
    0.4500   83.5391
    0.5000   81.0566
    0.5500   79.4718
    0.6000   81.0842
    0.6500   79.8698
    0.7000   77.9202
    0.7500   76.8004
    0.8000   79.9603
    0.8500   83.2159
    0.9000   86.5628
    0.9500   89.9874
    1.0000   92.4845
    1.0433   90.5291
    1.0866   87.9320
    1.1299   85.3775
    1.1732   82.8849
    1.2165   80.4582
    1.2598   79.3655
    1.3031   77.4110
    1.3464   75.6535
    1.3897   74.3106
    1.4330   74.1945
    1.4763   74.5317
    1.5196   74.6069
    1.5629   74.2878
    1.6062   73.4301
    1.6495   72.1115
    1.6928   70.7844
    1.7361   69.3201
    1.7794   68.0791
    1.8227   66.7809
    1.8660   65.4506
    1.8910   66.0348
    1.9160   66.5242
    1.9410   67.4160
    1.9660   68.4248
    1.9910   69.4325
    2.0160   70.4313
    2.0410   71.4122
    2.0660   72.3640
    2.0910   73.2735
    2.1160   74.1250
    2.1410   74.9012
    2.1660   75.5838
    2.1910   76.1547
    2.2160   75.5892
    2.2410   74.5155
    2.2660   73.4601
    2.2910   72.4268
    2.3160   72.8740
    2.3410   73.5212
    2.3660   73.7710
    2.4014   72.5024
    2.4367   71.5963
    2.4721   73.1940
    2.5074   74.9277
    2.5428   76.7543
    2.5782   78.3336
    2.6135   76.2327
    2.6489   74.0974
    2.6842   72.0265
    2.7196   70.1927
    2.7549   69.2977
    2.7903   70.4221
    2.8256   71.5576
    2.8610   72.9775
    2.8964   74.3824
    2.9317   75.7461
    2.9671   77.0242
    3.0024   78.1365
    3.0378   78.9410
    3.0731   79.2796

    0.0000   79.4893
    0.0500   79.3249
    0.1000   79.5858
    0.1500   80.0181
    0.2000   80.6150
    0.2500   81.3648
    0.3000   82.2451
    0.3500   83.2090
    0.4000   84.1385
    0.4500   83.5451
    0.5000   81.0649
    0.5500   79.7239
    0.6000   81.0940
    0.6500   79.8701
    0.7000   78.1215
    0.7500   76.9985
    0.8000   80.1583
    0.8500   83.4136
    0.9000   86.7597
    0.9500   90.1739
    1.0000   92.4845
    1.0433   90.6352
    1.0866   88.1634
    1.1299   85.6334
    1.1732   83.1532
    1.2165   80.7340
    1.2598   79.3676
    1.3031   77.4141
    1.3464   75.6544
    1.3897   74.3226
    1.4330   74.1963
    1.4763   74.5612
    1.5196   74.6438
    1.5629   74.3267
    1.6062   73.5740
    1.6495   72.5277
    1.6928   71.1579
    1.7361   69.8463
    1.7794   68.3349
    1.8227   66.8049
    1.8660   65.4517
    1.8910   66.1209
    1.9160   67.1083
    1.9410   68.1056
    1.9660   69.1066
    1.9910   70.1043
    2.0160   71.0904
    2.0410   72.0552
    2.0660   72.9868
    2.0910   73.8710
    2.1160   74.6911
    2.1410   75.4290
    2.1660   76.0662
    2.1910   76.5803
    2.2160   75.6570
    2.2410   74.5814
    2.2660   73.5239
    2.2910   72.4864
    2.3160   72.9299
    2.3410   73.5495
    2.3660   73.7852
    2.4014   72.5916
    2.4367   71.6424
    2.4721   73.2397
    2.5074   74.9741
    2.5428   76.8016
    2.5782   78.6564
    2.6135   76.7902
    2.6489   74.7187
    2.6842   72.7166
    2.7196   70.9868
    2.7549   70.1491
    2.7903   70.4866
    2.8256   71.8403
    2.8610   73.2610
    2.8964   74.6671
    2.9317   76.0322
    2.9671   77.3125
    3.0024   78.4273
    3.0378   79.2042
    3.0731   79.4893

    0.0000   79.5664
    0.0500   79.6423
    0.1000   79.9049
    0.1500   80.3397
    0.2000   80.9391
    0.2500   81.6898
    0.3000   82.5663
    0.3500   83.5149
    0.4000   84.3937
    0.4500   84.6909
    0.5000   84.2334
    0.5500   82.8680
    0.6000   81.2605
    0.6500   79.9118
    0.7000   79.4308
    0.7500   80.5298
    0.8000   82.5113
    0.8500   84.8885
    0.9000   87.4705
    0.9500   90.1745
    1.0000   92.4853
    1.0433   90.6355
    1.0866   88.2427
    1.1299   85.8973
    1.1732   83.6277
    1.2165   81.4460
    1.2598   79.4374
    1.3031   77.4627
    1.3464   75.6622
    1.3897   74.4072
    1.4330   74.2454
    1.4763   75.0655
    1.5196   76.2209
    1.5629   75.2101
    1.6062   73.6327
    1.6495   72.5727
    1.6928   71.2752
    1.7361   69.8837
    1.7794   68.3687
    1.8227   67.3439
    1.8660   66.9908
    1.8910   67.1899
    1.9160   67.8518
    1.9410   68.8783
    1.9660   70.0876
    1.9910   71.3970
    2.0160   72.7728
    2.0410   74.1975
    2.0660   75.6591
    2.0910   77.1443
    2.1160   78.6232
    2.1410   78.9180
    2.1660   77.7932
    2.1910   76.6855
    2.2160   76.6078
    2.2410   76.9241
    2.2660   76.8058
    2.2910   76.2251
    2.3160   75.7788
    2.3410   75.4951
    2.3660   75.3974
    2.4014   76.7437
    2.4367   77.8729
    2.4721   78.8837
    2.5074   80.0723
    2.5428   80.2100
    2.5782   78.7045
    2.6135   80.6252
    2.6489   82.6559
    2.6842   83.6835
    2.7196   83.1328
    2.7549   82.5054
    2.7903   81.8829
    2.8256   81.3004
    2.8610   80.7758
    2.8964   80.3197
    2.9317   79.9392
    2.9671   79.6393
    3.0024   79.4247
    3.0378   79.3319
    3.0731   79.5664

    0.0000   79.6142
    0.0500   79.6427
    0.1000   79.9050
    0.1500   80.3398
    0.2000   80.9393
    0.2500   81.6900
    0.3000   82.5667
    0.3500   83.5162
    0.4000   84.4062
    0.4500   84.6916
    0.5000   84.2340
    0.5500   82.8687
    0.6000   81.2613
    0.6500   79.9122
    0.7000   79.4313
    0.7500   80.5305
    0.8000   82.5120
    0.8500   84.8891
    0.9000   87.4711
    0.9500   90.1790
    1.0000   92.6272
    1.0433   90.6911
    1.0866   88.2431
    1.1299   85.8979
    1.1732   83.6286
    1.2165   81.4474
    1.2598   79.4394
    1.3031   77.4656
    1.3464   75.6628
    1.3897   74.4208
    1.4330   74.2460
    1.4763   75.2057
    1.5196   76.5119
    1.5629   75.9237
    1.6062   74.2234
    1.6495   72.6211
    1.6928   71.3158
    1.7361   69.9557
    1.7794   68.9729
    1.8227   68.2592
    1.8660   67.9256
    1.8910   68.1031
    1.9160   68.6859
    1.9410   69.6300
    1.9660   70.7833
    1.9910   72.0533
    2.0160   73.3983
    2.0410   74.7967
    2.0660   76.2336
    2.0910   77.6923
    2.1160   79.1309
    2.1410   78.9873
    2.1660   77.8627
    2.1910   76.7584
    2.2160   76.9790
    2.2410   77.2312
    2.2660   77.0418
    2.2910   76.4564
    2.3160   75.9998
    2.3410   75.7080
    2.3660   75.6072
    2.4014   76.8501
    2.4367   77.9348
    2.4721   78.9730
    2.5074   80.1771
    2.5428   80.5262
    2.5782   78.8054
    2.6135   80.6739
    2.6489   82.7049
    2.6842   83.9056
    2.7196   83.3967
    2.7549   82.7903
    2.7903   82.1779
    2.8256   81.5999
    2.8610   81.0767
    2.8964   80.6205
    2.9317   80.2390
    2.9671   79.9379
    3.0024   79.7212
    3.0378   79.5938
    3.0731   79.6142

    0.0000   81.1616
    0.0500   82.2333
    0.1000   83.0355
    0.1500   83.3863
    0.2000   83.5769
    0.2500   83.7345
    0.3000   83.9197
    0.3500   84.1752
    0.4000   84.5537
    0.4500   84.8650
    0.5000   84.3304
    0.5500   82.9235
    0.6000   81.3034
    0.6500   80.3020
    0.7000   79.4793
    0.7500   80.5599
    0.8000   82.5984
    0.8500   85.0006
    0.9000   87.5904
    0.9500   90.2899
    1.0000   92.6278
    1.0433   90.7338
    1.0866   88.3342
    1.1299   85.9860
    1.1732   83.7135
    1.2165   81.5271
    1.2598   80.5861
    1.3031   83.2160
    1.3464   84.9296
    1.3897   84.0839
    1.4330   82.0273
    1.4763   79.8619
    1.5196   78.1404
    1.5629   78.8470
    1.6062   80.5917
    1.6495   82.5363
    1.6928   84.6071
    1.7361   86.7766
    1.7794   88.2146
    1.8227   88.9420
    1.8660   89.3629
    1.8910   89.0505
    1.9160   88.4037
    1.9410   87.5533
    1.9660   86.6457
    1.9910   85.7306
    2.0160   84.7390
    2.0410   83.5601
    2.0660   82.3845
    2.0910   81.2177
    2.1160   80.0647
    2.1410   79.9222
    2.1660   79.8992
    2.1910   79.0990
    2.2160   78.2699
    2.2410   77.4976
    2.2660   77.1124
    2.2910   77.1557
    2.3160   77.0904
    2.3410   76.9688
    2.3660   76.9032
    2.4014   77.1642
    2.4367   78.6675
    2.4721   79.9958
    2.5074   81.2554
    2.5428   81.3452
    2.5782   82.5852
    2.6135   83.5747
    2.6489   83.9471
    2.6842   84.7451
    2.7196   85.6925
    2.7549   85.6838
    2.7903   85.6573
    2.8256   85.5992
    2.8610   85.4872
    2.8964   85.2790
    2.9317   84.8949
    2.9671   84.2183
    3.0024   83.1951
    3.0378   81.9710
    3.0731   81.1616

    0.0000   81.9297
    0.0500   82.8847
    0.1000   83.6359
    0.1500   83.9580
    0.2000   84.1323
    0.2500   84.2811
    0.3000   84.4641
    0.3500   84.7253
    0.4000   85.1123
    0.4500   84.8755
    0.5000   84.3311
    0.5500   82.9235
    0.6000   81.3064
    0.6500   80.3540
    0.7000   79.4802
    0.7500   80.5605
    0.8000   82.5988
    0.8500   85.0010
    0.9000   87.5908
    0.9500   90.2903
    1.0000   92.6278
    1.0433   90.7340
    1.0866   88.3344
    1.1299   85.9864
    1.1732   83.7143
    1.2165   81.5284
    1.2598   80.9156
    1.3031   83.6031
    1.3464   85.0217
    1.3897   84.3342
    1.4330   82.7058
    1.4763   80.5531
    1.5196   78.7016
    1.5629   79.0048
    1.6062   80.7119
    1.6495   82.6483
    1.6928   84.7125
    1.7361   86.8724
    1.7794   88.2161
    1.8227   89.0325
    1.8660   89.3629
    1.8910   89.0823
    1.9160   88.6148
    1.9410   87.8031
    1.9660   86.9289
    1.9910   85.9112
    2.0160   84.8157
    2.0410   83.6352
    2.0660   82.4579
    2.0910   81.2898
    2.1160   80.1348
    2.1410   80.3052
    2.1660   80.1505
    2.1910   79.3531
    2.2160   78.5237
    2.2410   77.7457
    2.2660   77.3477
    2.2910   77.3257
    2.3160   77.1904
    2.3410   77.0095
    2.3660   76.9182
    2.4014   77.1947
    2.4367   78.7029
    2.4721   80.4326
    2.5074   81.3105
    2.5428   81.4532
    2.5782   82.6871
    2.6135   83.6778
    2.6489   84.1006
    2.6842   84.7941
    2.7196   86.0008
    2.7549   86.0097
    2.7903   86.0025
    2.8256   85.9666
    2.8610   85.8816
    2.8964   85.7092
    2.9317   85.3741
    2.9671   84.7563
    3.0024   83.7888
    3.0378   82.6346
    3.0731   81.9297

    0.0000   87.7547
    0.0500   87.7459
    0.1000   87.7199
    0.1500   87.6821
    0.2000   87.6400
    0.2500   87.6032
    0.3000   87.5826
    0.3500   87.5896
    0.4000   86.1432
    0.4500   85.0836
    0.5000   85.8612
    0.5500   86.9947
    0.6000   84.6687
    0.6500   84.3037
    0.7000   85.3394
    0.7500   86.4989
    0.8000   87.7043
    0.8500   88.9779
    0.9000   90.3368
    0.9500   91.7867
    1.0000   93.1447
    1.0433   92.0593
    1.0866   90.8617
    1.1299   89.7080
    1.1732   88.6227
    1.2165   87.6104
    1.2598   86.6716
    1.3031   85.8069
    1.3464   85.0260
    1.3897   84.3395
    1.4330   83.7877
    1.4763   83.4574
    1.5196   83.4358
    1.5629   83.7691
    1.6062   84.4142
    1.6495   85.2730
    1.6928   86.2464
    1.7361   87.2519
    1.7794   88.4373
    1.8227   89.0332
    1.8660   89.3632
    1.8910   89.1951
    1.9160   88.6575
    1.9410   88.1247
    1.9660   87.0563
    1.9910   85.9928
    2.0160   84.8320
    2.0410   83.9600
    2.0660   83.1252
    2.0910   82.3326
    2.1160   81.5872
    2.1410   80.8935
    2.1660   80.2556
    2.1910   79.6780
    2.2160   79.1651
    2.2410   78.7211
    2.2660   78.3505
    2.2910   78.0573
    2.3160   77.8450
    2.3410   77.7164
    2.3660   77.6734
    2.4014   77.9858
    2.4367   78.8231
    2.4721   80.4691
    2.5074   81.3798
    2.5428   82.8629
    2.5782   84.4276
    2.6135   85.7280
    2.6489   85.7003
    2.6842   85.6941
    2.7196   86.8904
    2.7549   89.0900
    2.7903   91.3420
    2.8256   93.6448
    2.8610   93.4459
    2.8964   91.7069
    2.9317   90.1667
    2.9671   88.9796
    3.0024   88.2337
    3.0378   87.8636
    3.0731   87.7547

    0.0000   87.7552
    0.0500   87.9834
    0.1000   87.9516
    0.1500   87.9043
    0.2000   87.8499
    0.2500   87.7985
    0.3000   87.7617
    0.3500   87.7515
    0.4000   86.1468
    0.4500   85.6866
    0.5000   86.5506
    0.5500   87.2426
    0.6000   85.2933
    0.6500   84.7874
    0.7000   85.6492
    0.7500   86.7459
    0.8000   87.9251
    0.8500   89.1862
    0.9000   90.5375
    0.9500   91.9761
    1.0000   93.1451
    1.0433   92.0597
    1.0866   90.8621
    1.1299   89.7086
    1.1732   88.6236
    1.2165   87.6119
    1.2598   86.6736
    1.3031   85.8096
    1.3464   85.4363
    1.3897   84.7212
    1.4330   83.7943
    1.4763   83.4662
    1.5196   83.4464
    1.5629   83.7802
    1.6062   84.4244
    1.6495   85.2817
    1.6928   86.2530
    1.7361   87.2558
    1.7794   88.4386
    1.8227   89.0870
    1.8660   89.5091
    1.8910   89.2511
    1.9160   88.8010
    1.9410   88.2250
    1.9660   87.1445
    1.9910   86.0438
    2.0160   85.1727
    2.0410   84.3296
    2.0660   83.5231
    2.0910   82.7595
    2.1160   82.0436
    2.1410   81.3799
    2.1660   80.7724
    2.1910   80.2249
    2.2160   79.7411
    2.2410   79.3245
    2.2660   78.9783
    2.2910   78.7057
    2.3160   78.5090
    2.3410   78.3902
    2.3660   78.3505
    2.4014   78.6441
    2.4367   79.4390
    2.4721   80.5722
    2.5074   81.9066
    2.5428   83.3663
    2.5782   84.9051
    2.6135   85.9971
    2.6489   85.9793
    2.6842   85.9866
    2.7196   86.9391
    2.7549   89.1381
    2.7903   91.3894
    2.8256   93.6912
    2.8610   93.5827
    2.8964   92.0506
    2.9317   90.4782
    2.9671   89.2522
    3.0024   88.4810
    3.0378   88.0661
    3.0731   87.7552

    0.0000   87.9945
    0.0500   88.6008
    0.1000   90.8368
    0.1500   93.7633
    0.2000   96.8832
    0.2500   94.6312
    0.3000   91.6945
    0.3500   88.8642
    0.4000   87.6354
    0.4500   87.7309
    0.5000   87.8859
    0.5500   87.5929
    0.6000   88.4090
    0.6500   88.7913
    0.7000   89.2615
    0.7500   89.8236
    0.8000   90.4801
    0.8500   91.2321
    0.9000   92.0592
    0.9500   92.5301
    1.0000   93.2181
    1.0433   92.2123
    1.0866   91.0937
    1.1299   89.9792
    1.1732   88.9221
    1.2165   87.9361
    1.2598   87.0254
    1.3031   86.1928
    1.3464   85.4461
    1.3897   84.7962
    1.4330   84.2849
    1.4763   83.9761
    1.5196   83.9501
    1.5629   84.2528
    1.6062   84.8526
    1.6495   85.6613
    1.6928   86.5821
    1.7361   87.5318
    1.7794   88.5893
    1.8227   89.2042
    1.8660   89.5091
    1.8910   89.4237
    1.9160   88.9932
    1.9410   88.2539
    1.9660   87.8654
    1.9910   87.5091
    2.0160   86.7367
    2.0410   85.5753
    2.0660   84.4405
    2.0910   83.3460
    2.1160   82.3220
    2.1410   81.5515
    2.1660   82.1638
    2.1910   83.6251
    2.2160   85.1867
    2.2410   86.2586
    2.2660   85.8791
    2.2910   85.4038
    2.3160   84.9562
    2.3410   84.6423
    2.3660   84.5298
    2.4014   84.5063
    2.4367   84.4263
    2.4721   84.3083
    2.5074   84.6754
    2.5428   85.8783
    2.5782   85.8109
    2.6135   86.0384
    2.6489   87.6697
    2.6842   89.3000
    2.7196   90.8902
    2.7549   92.3606
    2.7903   93.5232
    2.8256   94.0070
    2.8610   93.8038
    2.8964   92.5439
    2.9317   91.2876
    2.9671   90.0204
    3.0024   88.8898
    3.0378   88.1035
    3.0731   87.9945

    0.0000   87.9952
    0.0500   88.8522
    0.1000   91.1227
    0.1500   94.0843
    0.2000   97.2341
    0.2500   94.6389
    0.3000   91.6975
    0.3500   88.8649
    0.4000   87.7798
    0.4500   87.8579
    0.5000   87.9959
    0.5500   87.9391
    0.6000   88.4872
    0.6500   88.8549
    0.7000   89.3111
    0.7500   89.8596
    0.8000   90.5021
    0.8500   91.2376
    0.9000   92.0777
    0.9500   92.6734
    1.0000   93.2182
    1.0433   92.2125
    1.0866   91.0938
    1.1299   89.9797
    1.1732   88.9231
    1.2165   87.9376
    1.2598   87.0276
    1.3031   86.1957
    1.3464   85.4535
    1.3897   84.8016
    1.4330   84.2921
    1.4763   83.9854
    1.5196   83.9610
    1.5629   84.2641
    1.6062   84.8631
    1.6495   85.6702
    1.6928   86.5888
    1.7361   87.5357
    1.7794   88.7332
    1.8227   89.2050
    1.8660   89.5091
    1.8910   89.5648
    1.9160   89.1138
    1.9410   88.3977
    1.9660   88.0113
    1.9910   87.6574
    2.0160   87.0192
    2.0410   85.8690
    2.0660   84.7435
    2.0910   83.6607
    2.1160   82.6616
    2.1410   82.0012
    2.1660   82.7318
    2.1910   84.1757
    2.2160   85.7223
    2.2410   86.4491
    2.2660   86.0674
    2.2910   85.6041
    2.3160   85.1766
    2.3410   84.8809
    2.3660   84.7758
    2.4014   84.7625
    2.4367   84.7208
    2.4721   84.6876
    2.5074   85.0519
    2.5428   86.0554
    2.5782   86.0704
    2.6135   86.4941
    2.6489   88.1063
    2.6842   89.4061
    2.7196   90.9209
    2.7549   92.6287
    2.7903   93.9051
    2.8256   94.3558
    2.8610   93.8966
    2.8964   92.8272
    2.9317   91.5551
    2.9671   90.2775
    3.0024   89.1390
    3.0378   88.3091
    3.0731   87.9952

    0.0000  110.2485
    0.0500  107.2864
    0.1000  104.0177
    0.1500  100.8024
    0.2000   97.6696
    0.2500   98.2326
    0.3000   95.7833
    0.3500   93.4865
    0.4000   91.4445
    0.4500   89.9792
    0.5000   89.7023
    0.5500   88.1094
    0.6000   88.9120
    0.6500   91.4256
    0.7000   93.6845
    0.7500   93.6254
    0.8000   93.2147
    0.8500   92.8952
    0.9000   92.6670
    0.9500   92.9311
    1.0000   93.2965
    1.0433   92.8741
    1.0866   92.2156
    1.1299   91.4981
    1.1732   90.8271
    1.2165   90.2237
    1.2598   89.6882
    1.3031   89.2209
    1.3464   88.8218
    1.3897   88.4910
    1.4330   88.2286
    1.4763   88.0344
    1.5196   87.9086
    1.5629   87.8512
    1.6062   87.8621
    1.6495   87.9414
    1.6928   88.0890
    1.7361   88.3050
    1.7794   89.0158
    1.8227   91.2611
    1.8660   93.2762
    1.8910   92.4793
    1.9160   91.4077
    1.9410   90.2674
    1.9660   89.0967
    1.9910   87.9165
    2.0160   87.1973
    2.0410   86.9299
    2.0660   86.7197
    2.0910   86.5706
    2.1160   86.4857
    2.1410   86.4618
    2.1660   86.4826
    2.1910   86.5073
    2.2160   86.4613
    2.2410   86.7636
    2.2660   88.3213
    2.2910   89.8197
    2.3160   91.1805
    2.3410   92.2335
    2.3660   92.6597
    2.4014   92.1624
    2.4367   90.1028
    2.4721   88.1792
    2.5074   86.8379
    2.5428   86.5884
    2.5782   88.2814
    2.6135   87.9274
    2.6489   88.2954
    2.6842   89.7247
    2.7196   91.2520
    2.7549   92.7600
    2.7903   94.4512
    2.8256   95.2620
    2.8610   95.9965
    2.8964   98.3948
    2.9317  100.8360
    2.9671  103.3136
    3.0024  105.8124
    3.0378  108.2814
    3.0731  110.2485

    0.0000  110.2490
    0.0500  107.3429
    0.1000  104.0545
    0.1500  100.8259
    0.2000   97.6838
    0.2500   98.2334
    0.3000   95.7842
    0.3500   93.4874
    0.4000   91.4454
    0.4500   89.9799
    0.5000   89.7051
    0.5500   88.2031
    0.6000   89.8332
    0.6500   92.4040
    0.7000   93.6864
    0.7500   93.7682
    0.8000   93.3577
    0.8500   93.0384
    0.9000   92.8103
    0.9500   93.0051
    1.0000   93.2965
    1.0433   93.0328
    1.0866   92.2354
    1.1299   91.5366
    1.1732   90.8966
    1.2165   90.3121
    1.2598   89.7894
    1.3031   89.3313
    1.3464   88.9391
    1.3897   88.6136
    1.4330   88.3554
    1.4763   88.1648
    1.5196   88.0419
    1.5629   87.9869
    1.6062   87.9999
    1.6495   88.0810
    1.6928   88.2302
    1.7361   88.4476
    1.7794   89.0957
    1.8227   91.3169
    1.8660   93.2875
    1.8910   92.5720
    1.9160   91.6283
    1.9410   90.5097
    1.9660   89.3557
    1.9910   88.1882
    2.0160   87.3498
    2.0410   87.0902
    2.0660   86.8882
    2.0910   86.7491
    2.1160   86.6755
    2.1410   86.6630
    2.1660   86.6924
    2.1910   86.7184
    2.2160   86.6639
    2.2410   87.2886
    2.2660   88.8388
    2.2910   90.3314
    2.3160   91.6848
    2.3410   92.7174
    2.3660   93.1200
    2.4014   92.3445
    2.4367   90.7250
    2.4721   88.7860
    2.5074   87.3680
    2.5428   87.0505
    2.5782   88.5000
    2.6135   88.4386
    2.6489   88.7501
    2.6842   89.7882
    2.7196   91.3019
    2.7549   92.9286
    2.7903   94.7293
    2.8256   95.6243
    2.8610   96.0418
    2.8964   98.4389
    2.9317  100.8790
    2.9671  103.3560
    3.0024  105.8559
    3.0378  108.3329
    3.0731  110.2490

