 #density of states
 # in units of [ eV^{-1}.Ang^{-3} ] 
  # EFERMI(eV) 
   0.000000E+00   0.000000E+00
   0.500000E-02   0.000000E+00
   0.100000E-01   0.000000E+00
   0.150000E-01   0.000000E+00
   0.200000E-01   0.000000E+00
   0.250000E-01   0.000000E+00
   0.300000E-01   0.000000E+00
   0.350000E-01   0.000000E+00
   0.400000E-01   0.000000E+00
   0.450000E-01   0.000000E+00
   0.500000E-01   0.000000E+00
   0.550000E-01   0.000000E+00
   0.600000E-01   0.000000E+00
   0.650000E-01   0.000000E+00
   0.700000E-01   0.000000E+00
   0.750000E-01   0.000000E+00
   0.800000E-01   0.000000E+00
   0.850000E-01   0.000000E+00
   0.900000E-01   0.000000E+00
   0.950000E-01   0.000000E+00
   0.100000E+00   0.911185E-15
   0.105000E+00   0.376003E-14
   0.110000E+00   0.106136E-13
   0.115000E+00   0.278994E-13
   0.120000E+00   0.721994E-13
   0.125000E+00   0.183108E-12
   0.130000E+00   0.449512E-12
   0.135000E+00   0.108041E-11
   0.140000E+00   0.254305E-11
   0.145000E+00   0.586926E-11
   0.150000E+00   0.132841E-10
   0.155000E+00   0.294910E-10
   0.160000E+00   0.642179E-10
   0.165000E+00   0.137169E-09
   0.170000E+00   0.287424E-09
   0.175000E+00   0.590846E-09
   0.180000E+00   0.119161E-08
   0.185000E+00   0.235790E-08
   0.190000E+00   0.457805E-08
   0.195000E+00   0.872216E-08
   0.200000E+00   0.163075E-07
   0.205000E+00   0.299231E-07
   0.210000E+00   0.538906E-07
   0.215000E+00   0.952674E-07
   0.220000E+00   0.165326E-06
   0.225000E+00   0.281673E-06
   0.230000E+00   0.471196E-06
   0.235000E+00   0.774031E-06
   0.240000E+00   0.124872E-05
   0.245000E+00   0.197870E-05
   0.250000E+00   0.308003E-05
   0.255000E+00   0.471036E-05
   0.260000E+00   0.707849E-05
   0.265000E+00   0.104541E-04
   0.270000E+00   0.151761E-04
   0.275000E+00   0.216594E-04
   0.280000E+00   0.303966E-04
   0.285000E+00   0.419553E-04
   0.290000E+00   0.569678E-04
   0.295000E+00   0.761128E-04
   0.300000E+00   0.100089E-03
   0.305000E+00   0.129579E-03
   0.310000E+00   0.165210E-03
   0.315000E+00   0.207512E-03
   0.320000E+00   0.256870E-03
   0.325000E+00   0.313489E-03
   0.330000E+00   0.377365E-03
   0.335000E+00   0.448276E-03
   0.340000E+00   0.525778E-03
   0.345000E+00   0.609235E-03
   0.350000E+00   0.697851E-03
   0.355000E+00   0.790729E-03
   0.360000E+00   0.886927E-03
   0.365000E+00   0.985523E-03
   0.370000E+00   0.108567E-02
   0.375000E+00   0.118665E-02
   0.380000E+00   0.128788E-02
   0.385000E+00   0.138895E-02
   0.390000E+00   0.148961E-02
   0.395000E+00   0.158974E-02
   0.400000E+00   0.168931E-02
   0.405000E+00   0.178838E-02
   0.410000E+00   0.188705E-02
   0.415000E+00   0.198543E-02
   0.420000E+00   0.208363E-02
   0.425000E+00   0.218176E-02
   0.430000E+00   0.227994E-02
   0.435000E+00   0.237828E-02
   0.440000E+00   0.247691E-02
   0.445000E+00   0.257597E-02
   0.450000E+00   0.267557E-02
   0.455000E+00   0.277582E-02
   0.460000E+00   0.287672E-02
   0.465000E+00   0.297820E-02
   0.470000E+00   0.308002E-02
   0.475000E+00   0.318179E-02
   0.480000E+00   0.328289E-02
   0.485000E+00   0.338254E-02
   0.490000E+00   0.347981E-02
   0.495000E+00   0.357366E-02
   0.500000E+00   0.366308E-02
   0.505000E+00   0.374714E-02
   0.510000E+00   0.382515E-02
   0.515000E+00   0.389673E-02
   0.520000E+00   0.396192E-02
   0.525000E+00   0.402121E-02
   0.530000E+00   0.407558E-02
   0.535000E+00   0.412639E-02
   0.540000E+00   0.417536E-02
   0.545000E+00   0.422432E-02
   0.550000E+00   0.427511E-02
   0.555000E+00   0.432935E-02
   0.560000E+00   0.438827E-02
   0.565000E+00   0.445252E-02
   0.570000E+00   0.452214E-02
   0.575000E+00   0.459653E-02
   0.580000E+00   0.467446E-02
   0.585000E+00   0.475427E-02
   0.590000E+00   0.483402E-02
   0.595000E+00   0.491172E-02
   0.600000E+00   0.498556E-02
   0.605000E+00   0.505407E-02
   0.610000E+00   0.511633E-02
   0.615000E+00   0.517200E-02
   0.620000E+00   0.522136E-02
   0.625000E+00   0.526527E-02
   0.630000E+00   0.530502E-02
   0.635000E+00   0.534222E-02
   0.640000E+00   0.537864E-02
   0.645000E+00   0.541606E-02
   0.650000E+00   0.545611E-02
   0.655000E+00   0.550016E-02
   0.660000E+00   0.554928E-02
   0.665000E+00   0.560416E-02
   0.670000E+00   0.566512E-02
   0.675000E+00   0.573211E-02
   0.680000E+00   0.580474E-02
   0.685000E+00   0.588238E-02
   0.690000E+00   0.596417E-02
   0.695000E+00   0.604914E-02
   0.700000E+00   0.613627E-02
   0.705000E+00   0.622460E-02
   0.710000E+00   0.631328E-02
   0.715000E+00   0.640162E-02
   0.720000E+00   0.648913E-02
   0.725000E+00   0.657551E-02
   0.730000E+00   0.666060E-02
   0.735000E+00   0.674433E-02
   0.740000E+00   0.682664E-02
   0.745000E+00   0.690737E-02
   0.750000E+00   0.698623E-02
   0.755000E+00   0.706275E-02
   0.760000E+00   0.713625E-02
   0.765000E+00   0.720591E-02
   0.770000E+00   0.727079E-02
   0.775000E+00   0.732998E-02
   0.780000E+00   0.738264E-02
   0.785000E+00   0.742814E-02
   0.790000E+00   0.746607E-02
   0.795000E+00   0.749636E-02
   0.800000E+00   0.751919E-02
   0.805000E+00   0.753504E-02
   0.810000E+00   0.754456E-02
   0.815000E+00   0.754855E-02
   0.820000E+00   0.754786E-02
   0.825000E+00   0.754335E-02
   0.830000E+00   0.753584E-02
   0.835000E+00   0.752612E-02
   0.840000E+00   0.751494E-02
   0.845000E+00   0.750309E-02
   0.850000E+00   0.749139E-02
   0.855000E+00   0.748078E-02
   0.860000E+00   0.747231E-02
   0.865000E+00   0.746713E-02
   0.870000E+00   0.746645E-02
   0.875000E+00   0.747145E-02
   0.880000E+00   0.748317E-02
   0.885000E+00   0.750236E-02
   0.890000E+00   0.752943E-02
   0.895000E+00   0.756428E-02
   0.900000E+00   0.760634E-02
   0.905000E+00   0.765452E-02
   0.910000E+00   0.770732E-02
   0.915000E+00   0.776297E-02
   0.920000E+00   0.781962E-02
   0.925000E+00   0.787547E-02
   0.930000E+00   0.792902E-02
   0.935000E+00   0.797921E-02
   0.940000E+00   0.802547E-02
   0.945000E+00   0.806779E-02
   0.950000E+00   0.810667E-02
   0.955000E+00   0.814303E-02
   0.960000E+00   0.817803E-02
   0.965000E+00   0.821293E-02
   0.970000E+00   0.824894E-02
   0.975000E+00   0.828705E-02
   0.980000E+00   0.832798E-02
   0.985000E+00   0.837206E-02
   0.990000E+00   0.841931E-02
   0.995000E+00   0.846946E-02
   0.100000E+01   0.852204E-02
   0.100500E+01   0.857647E-02
   0.101000E+01   0.863221E-02
   0.101500E+01   0.868883E-02
   0.102000E+01   0.874607E-02
   0.102500E+01   0.880390E-02
   0.103000E+01   0.886251E-02
   0.103500E+01   0.892225E-02
   0.104000E+01   0.898361E-02
   0.104500E+01   0.904709E-02
   0.105000E+01   0.911314E-02
   0.105500E+01   0.918205E-02
   0.106000E+01   0.925393E-02
   0.106500E+01   0.932862E-02
   0.107000E+01   0.940572E-02
   0.107500E+01   0.948460E-02
   0.108000E+01   0.956445E-02
   0.108500E+01   0.964441E-02
   0.109000E+01   0.972361E-02
   0.109500E+01   0.980133E-02
   0.110000E+01   0.987712E-02
   0.110500E+01   0.995086E-02
   0.111000E+01   0.100228E-01
   0.111500E+01   0.100938E-01
   0.112000E+01   0.101651E-01
   0.112500E+01   0.102381E-01
   0.113000E+01   0.103147E-01
   0.113500E+01   0.103969E-01
   0.114000E+01   0.104864E-01
   0.114500E+01   0.105847E-01
   0.115000E+01   0.106928E-01
   0.115500E+01   0.108110E-01
   0.116000E+01   0.109387E-01
   0.116500E+01   0.110748E-01
   0.117000E+01   0.112172E-01
   0.117500E+01   0.113638E-01
   0.118000E+01   0.115119E-01
   0.118500E+01   0.116592E-01
   0.119000E+01   0.118035E-01
   0.119500E+01   0.119437E-01
   0.120000E+01   0.120793E-01
   0.120500E+01   0.122107E-01
   0.121000E+01   0.123393E-01
   0.121500E+01   0.124671E-01
   0.122000E+01   0.125963E-01
   0.122500E+01   0.127293E-01
   0.123000E+01   0.128677E-01
   0.123500E+01   0.130123E-01
   0.124000E+01   0.131630E-01
   0.124500E+01   0.133180E-01
   0.125000E+01   0.134746E-01
   0.125500E+01   0.136286E-01
   0.126000E+01   0.137751E-01
   0.126500E+01   0.139091E-01
   0.127000E+01   0.140255E-01
   0.127500E+01   0.141198E-01
   0.128000E+01   0.141891E-01
   0.128500E+01   0.142315E-01
   0.129000E+01   0.142474E-01
   0.129500E+01   0.142385E-01
   0.130000E+01   0.142086E-01
   0.130500E+01   0.141626E-01
   0.131000E+01   0.141066E-01
   0.131500E+01   0.140469E-01
   0.132000E+01   0.139901E-01
   0.132500E+01   0.139423E-01
   0.133000E+01   0.139088E-01
   0.133500E+01   0.138938E-01
   0.134000E+01   0.139004E-01
   0.134500E+01   0.139303E-01
   0.135000E+01   0.139840E-01
   0.135500E+01   0.140608E-01
   0.136000E+01   0.141593E-01
   0.136500E+01   0.142771E-01
   0.137000E+01   0.144113E-01
   0.137500E+01   0.145584E-01
   0.138000E+01   0.147151E-01
   0.138500E+01   0.148778E-01
   0.139000E+01   0.150433E-01
   0.139500E+01   0.152087E-01
   0.140000E+01   0.153717E-01
   0.140500E+01   0.155310E-01
   0.141000E+01   0.156859E-01
   0.141500E+01   0.158368E-01
   0.142000E+01   0.159851E-01
   0.142500E+01   0.161331E-01
   0.143000E+01   0.162838E-01
   0.143500E+01   0.164405E-01
   0.144000E+01   0.166068E-01
   0.144500E+01   0.167861E-01
   0.145000E+01   0.169809E-01
   0.145500E+01   0.171927E-01
   0.146000E+01   0.174217E-01
   0.146500E+01   0.176663E-01
   0.147000E+01   0.179233E-01
   0.147500E+01   0.181877E-01
   0.148000E+01   0.184530E-01
   0.148500E+01   0.187117E-01
   0.149000E+01   0.189556E-01
   0.149500E+01   0.191763E-01
   0.150000E+01   0.193661E-01
   0.150500E+01   0.195182E-01
   0.151000E+01   0.196274E-01
   0.151500E+01   0.196903E-01
   0.152000E+01   0.197054E-01
   0.152500E+01   0.196735E-01
   0.153000E+01   0.195972E-01
   0.153500E+01   0.194806E-01
   0.154000E+01   0.193290E-01
   0.154500E+01   0.191488E-01
   0.155000E+01   0.189466E-01
   0.155500E+01   0.187290E-01
   0.156000E+01   0.185022E-01
   0.156500E+01   0.182718E-01
   0.157000E+01   0.180425E-01
   0.157500E+01   0.178177E-01
   0.158000E+01   0.175999E-01
   0.158500E+01   0.173902E-01
   0.159000E+01   0.171886E-01
   0.159500E+01   0.169942E-01
   0.160000E+01   0.168050E-01
   0.160500E+01   0.166186E-01
   0.161000E+01   0.164322E-01
   0.161500E+01   0.162429E-01
   0.162000E+01   0.160483E-01
   0.162500E+01   0.158463E-01
   0.163000E+01   0.156354E-01
   0.163500E+01   0.154152E-01
   0.164000E+01   0.151861E-01
   0.164500E+01   0.149491E-01
   0.165000E+01   0.147063E-01
   0.165500E+01   0.144600E-01
   0.166000E+01   0.142132E-01
   0.166500E+01   0.139690E-01
   0.167000E+01   0.137303E-01
   0.167500E+01   0.135002E-01
   0.168000E+01   0.132808E-01
   0.168500E+01   0.130741E-01
   0.169000E+01   0.128812E-01
   0.169500E+01   0.127025E-01
   0.170000E+01   0.125377E-01
   0.170500E+01   0.123861E-01
   0.171000E+01   0.122462E-01
   0.171500E+01   0.121164E-01
   0.172000E+01   0.119950E-01
   0.172500E+01   0.118805E-01
   0.173000E+01   0.117716E-01
   0.173500E+01   0.116675E-01
   0.174000E+01   0.115680E-01
   0.174500E+01   0.114731E-01
   0.175000E+01   0.113833E-01
   0.175500E+01   0.112994E-01
   0.176000E+01   0.112221E-01
   0.176500E+01   0.111518E-01
   0.177000E+01   0.110890E-01
   0.177500E+01   0.110335E-01
   0.178000E+01   0.109848E-01
   0.178500E+01   0.109421E-01
   0.179000E+01   0.109044E-01
   0.179500E+01   0.108707E-01
   0.180000E+01   0.108400E-01
   0.180500E+01   0.108117E-01
   0.181000E+01   0.107858E-01
   0.181500E+01   0.107626E-01
   0.182000E+01   0.107428E-01
   0.182500E+01   0.107278E-01
   0.183000E+01   0.107188E-01
   0.183500E+01   0.107174E-01
   0.184000E+01   0.107249E-01
   0.184500E+01   0.107419E-01
   0.185000E+01   0.107689E-01
   0.185500E+01   0.108055E-01
   0.186000E+01   0.108503E-01
   0.186500E+01   0.109016E-01
   0.187000E+01   0.109567E-01
   0.187500E+01   0.110125E-01
   0.188000E+01   0.110655E-01
   0.188500E+01   0.111122E-01
   0.189000E+01   0.111491E-01
   0.189500E+01   0.111733E-01
   0.190000E+01   0.111823E-01
   0.190500E+01   0.111747E-01
   0.191000E+01   0.111496E-01
   0.191500E+01   0.111073E-01
   0.192000E+01   0.110488E-01
   0.192500E+01   0.109757E-01
   0.193000E+01   0.108905E-01
   0.193500E+01   0.107956E-01
   0.194000E+01   0.106940E-01
   0.194500E+01   0.105886E-01
   0.195000E+01   0.104824E-01
   0.195500E+01   0.103784E-01
   0.196000E+01   0.102797E-01
   0.196500E+01   0.101892E-01
   0.197000E+01   0.101101E-01
   0.197500E+01   0.100455E-01
   0.198000E+01   0.999810E-02
   0.198500E+01   0.997066E-02
   0.199000E+01   0.996515E-02
   0.199500E+01   0.998284E-02
   0.200000E+01   0.100239E-01
   0.200500E+01   0.100874E-01
   0.201000E+01   0.101710E-01
   0.201500E+01   0.102713E-01
   0.202000E+01   0.103836E-01
   0.202500E+01   0.105025E-01
   0.203000E+01   0.106224E-01
   0.203500E+01   0.107375E-01
   0.204000E+01   0.108425E-01
   0.204500E+01   0.109330E-01
   0.205000E+01   0.110059E-01
   0.205500E+01   0.110590E-01
   0.206000E+01   0.110920E-01
   0.206500E+01   0.111058E-01
   0.207000E+01   0.111023E-01
   0.207500E+01   0.110846E-01
   0.208000E+01   0.110565E-01
   0.208500E+01   0.110223E-01
   0.209000E+01   0.109862E-01
   0.209500E+01   0.109528E-01
   0.210000E+01   0.109263E-01
   0.210500E+01   0.109104E-01
   0.211000E+01   0.109087E-01
   0.211500E+01   0.109239E-01
   0.212000E+01   0.109585E-01
   0.212500E+01   0.110142E-01
   0.213000E+01   0.110924E-01
   0.213500E+01   0.111938E-01
   0.214000E+01   0.113188E-01
   0.214500E+01   0.114670E-01
   0.215000E+01   0.116381E-01
   0.215500E+01   0.118311E-01
   0.216000E+01   0.120446E-01
   0.216500E+01   0.122771E-01
   0.217000E+01   0.125267E-01
   0.217500E+01   0.127909E-01
   0.218000E+01   0.130674E-01
   0.218500E+01   0.133530E-01
   0.219000E+01   0.136446E-01
   0.219500E+01   0.139391E-01
   0.220000E+01   0.142332E-01
   0.220500E+01   0.145240E-01
   0.221000E+01   0.148087E-01
   0.221500E+01   0.150856E-01
   0.222000E+01   0.153535E-01
   0.222500E+01   0.156120E-01
   0.223000E+01   0.158619E-01
   0.223500E+01   0.161042E-01
   0.224000E+01   0.163409E-01
   0.224500E+01   0.165738E-01
   0.225000E+01   0.168048E-01
   0.225500E+01   0.170352E-01
   0.226000E+01   0.172654E-01
   0.226500E+01   0.174949E-01
   0.227000E+01   0.177220E-01
   0.227500E+01   0.179439E-01
   0.228000E+01   0.181569E-01
   0.228500E+01   0.183566E-01
   0.229000E+01   0.185383E-01
   0.229500E+01   0.186972E-01
   0.230000E+01   0.188289E-01
   0.230500E+01   0.189298E-01
   0.231000E+01   0.189968E-01
   0.231500E+01   0.190283E-01
   0.232000E+01   0.190233E-01
   0.232500E+01   0.189822E-01
   0.233000E+01   0.189063E-01
   0.233500E+01   0.187977E-01
   0.234000E+01   0.186593E-01
   0.234500E+01   0.184946E-01
   0.235000E+01   0.183075E-01
   0.235500E+01   0.181023E-01
   0.236000E+01   0.178832E-01
   0.236500E+01   0.176546E-01
   0.237000E+01   0.174206E-01
   0.237500E+01   0.171852E-01
   0.238000E+01   0.169519E-01
   0.238500E+01   0.167234E-01
   0.239000E+01   0.165021E-01
   0.239500E+01   0.162896E-01
   0.240000E+01   0.160866E-01
   0.240500E+01   0.158933E-01
   0.241000E+01   0.157089E-01
   0.241500E+01   0.155324E-01
   0.242000E+01   0.153622E-01
   0.242500E+01   0.151967E-01
   0.243000E+01   0.150344E-01
   0.243500E+01   0.148742E-01
   0.244000E+01   0.147157E-01
   0.244500E+01   0.145591E-01
   0.245000E+01   0.144056E-01
   0.245500E+01   0.142574E-01
   0.246000E+01   0.141169E-01
   0.246500E+01   0.139871E-01
   0.247000E+01   0.138709E-01
   0.247500E+01   0.137705E-01
   0.248000E+01   0.136874E-01
   0.248500E+01   0.136215E-01
   0.249000E+01   0.135712E-01
   0.249500E+01   0.135335E-01
   0.250000E+01   0.135036E-01
   0.250500E+01   0.134757E-01
   0.251000E+01   0.134435E-01
   0.251500E+01   0.134002E-01
   0.252000E+01   0.133401E-01
   0.252500E+01   0.132583E-01
   0.253000E+01   0.131517E-01
   0.253500E+01   0.130192E-01
   0.254000E+01   0.128618E-01
   0.254500E+01   0.126822E-01
   0.255000E+01   0.124852E-01
   0.255500E+01   0.122766E-01
   0.256000E+01   0.120629E-01
   0.256500E+01   0.118506E-01
   0.257000E+01   0.116456E-01
   0.257500E+01   0.114532E-01
   0.258000E+01   0.112769E-01
   0.258500E+01   0.111190E-01
   0.259000E+01   0.109803E-01
   0.259500E+01   0.108602E-01
   0.260000E+01   0.107570E-01
   0.260500E+01   0.106684E-01
   0.261000E+01   0.105919E-01
   0.261500E+01   0.105249E-01
   0.262000E+01   0.104652E-01
   0.262500E+01   0.104114E-01
   0.263000E+01   0.103625E-01
   0.263500E+01   0.103184E-01
   0.264000E+01   0.102793E-01
   0.264500E+01   0.102461E-01
   0.265000E+01   0.102195E-01
   0.265500E+01   0.102004E-01
   0.266000E+01   0.101893E-01
   0.266500E+01   0.101864E-01
   0.267000E+01   0.101914E-01
   0.267500E+01   0.102037E-01
   0.268000E+01   0.102222E-01
   0.268500E+01   0.102454E-01
   0.269000E+01   0.102716E-01
   0.269500E+01   0.102993E-01
   0.270000E+01   0.103268E-01
   0.270500E+01   0.103526E-01
   0.271000E+01   0.103753E-01
   0.271500E+01   0.103942E-01
   0.272000E+01   0.104087E-01
   0.272500E+01   0.104187E-01
   0.273000E+01   0.104247E-01
   0.273500E+01   0.104277E-01
   0.274000E+01   0.104292E-01
   0.274500E+01   0.104310E-01
   0.275000E+01   0.104354E-01
   0.275500E+01   0.104446E-01
   0.276000E+01   0.104607E-01
   0.276500E+01   0.104856E-01
   0.277000E+01   0.105207E-01
   0.277500E+01   0.105665E-01
   0.278000E+01   0.106228E-01
   0.278500E+01   0.106883E-01
   0.279000E+01   0.107611E-01
   0.279500E+01   0.108384E-01
   0.280000E+01   0.109166E-01
   0.280500E+01   0.109920E-01
   0.281000E+01   0.110607E-01
   0.281500E+01   0.111189E-01
   0.282000E+01   0.111631E-01
   0.282500E+01   0.111907E-01
   0.283000E+01   0.111997E-01
   0.283500E+01   0.111890E-01
   0.284000E+01   0.111586E-01
   0.284500E+01   0.111094E-01
   0.285000E+01   0.110430E-01
   0.285500E+01   0.109620E-01
   0.286000E+01   0.108692E-01
   0.286500E+01   0.107678E-01
   0.287000E+01   0.106612E-01
   0.287500E+01   0.105526E-01
   0.288000E+01   0.104448E-01
   0.288500E+01   0.103404E-01
   0.289000E+01   0.102414E-01
   0.289500E+01   0.101495E-01
   0.290000E+01   0.100656E-01
   0.290500E+01   0.999037E-02
   0.291000E+01   0.992394E-02
   0.291500E+01   0.986613E-02
   0.292000E+01   0.981646E-02
   0.292500E+01   0.977424E-02
   0.293000E+01   0.973862E-02
   0.293500E+01   0.970867E-02
   0.294000E+01   0.968342E-02
   0.294500E+01   0.966194E-02
   0.295000E+01   0.964333E-02
   0.295500E+01   0.962673E-02
   0.296000E+01   0.961135E-02
   0.296500E+01   0.959643E-02
   0.297000E+01   0.958125E-02
   0.297500E+01   0.956509E-02
   0.298000E+01   0.954726E-02
   0.298500E+01   0.952714E-02
   0.299000E+01   0.950423E-02
   0.299500E+01   0.947816E-02
   0.300000E+01   0.944883E-02
   0.300500E+01   0.941639E-02
   0.301000E+01   0.938132E-02
   0.301500E+01   0.934438E-02
   0.302000E+01   0.930658E-02
   0.302500E+01   0.926909E-02
   0.303000E+01   0.923315E-02
   0.303500E+01   0.919989E-02
   0.304000E+01   0.917025E-02
   0.304500E+01   0.914484E-02
   0.305000E+01   0.912388E-02
   0.305500E+01   0.910719E-02
   0.306000E+01   0.909420E-02
   0.306500E+01   0.908401E-02
   0.307000E+01   0.907550E-02
   0.307500E+01   0.906746E-02
   0.308000E+01   0.905872E-02
   0.308500E+01   0.904823E-02
   0.309000E+01   0.903517E-02
   0.309500E+01   0.901895E-02
   0.310000E+01   0.899922E-02
   0.310500E+01   0.897583E-02
   0.311000E+01   0.894872E-02
   0.311500E+01   0.891789E-02
   0.312000E+01   0.888327E-02
   0.312500E+01   0.884469E-02
   0.313000E+01   0.880189E-02
   0.313500E+01   0.875449E-02
   0.314000E+01   0.870208E-02
   0.314500E+01   0.864432E-02
   0.315000E+01   0.858103E-02
   0.315500E+01   0.851228E-02
   0.316000E+01   0.843851E-02
   0.316500E+01   0.836056E-02
   0.317000E+01   0.827970E-02
   0.317500E+01   0.819757E-02
   0.318000E+01   0.811618E-02
   0.318500E+01   0.803776E-02
   0.319000E+01   0.796463E-02
   0.319500E+01   0.789912E-02
   0.320000E+01   0.784336E-02
   0.320500E+01   0.779921E-02
   0.321000E+01   0.776810E-02
   0.321500E+01   0.775097E-02
   0.322000E+01   0.774822E-02
   0.322500E+01   0.775967E-02
   0.323000E+01   0.778463E-02
   0.323500E+01   0.782189E-02
   0.324000E+01   0.786987E-02
   0.324500E+01   0.792665E-02
   0.325000E+01   0.799010E-02
   0.325500E+01   0.805796E-02
   0.326000E+01   0.812790E-02
   0.326500E+01   0.819756E-02
   0.327000E+01   0.826465E-02
   0.327500E+01   0.832693E-02
   0.328000E+01   0.838231E-02
   0.328500E+01   0.842893E-02
   0.329000E+01   0.846522E-02
   0.329500E+01   0.849008E-02
   0.330000E+01   0.850300E-02
   0.330500E+01   0.850414E-02
   0.331000E+01   0.849443E-02
   0.331500E+01   0.847561E-02
   0.332000E+01   0.845013E-02
   0.332500E+01   0.842099E-02
   0.333000E+01   0.839156E-02
   0.333500E+01   0.836526E-02
   0.334000E+01   0.834525E-02
   0.334500E+01   0.833420E-02
   0.335000E+01   0.833399E-02
   0.335500E+01   0.834564E-02
   0.336000E+01   0.836921E-02
   0.336500E+01   0.840389E-02
   0.337000E+01   0.844817E-02
   0.337500E+01   0.850006E-02
   0.338000E+01   0.855734E-02
   0.338500E+01   0.861786E-02
   0.339000E+01   0.867970E-02
   0.339500E+01   0.874141E-02
   0.340000E+01   0.880204E-02
   0.340500E+01   0.886115E-02
   0.341000E+01   0.891879E-02
   0.341500E+01   0.897531E-02
   0.342000E+01   0.903121E-02
   0.342500E+01   0.908697E-02
   0.343000E+01   0.914282E-02
   0.343500E+01   0.919866E-02
   0.344000E+01   0.925387E-02
   0.344500E+01   0.930734E-02
   0.345000E+01   0.935740E-02
   0.345500E+01   0.940199E-02
   0.346000E+01   0.943876E-02
   0.346500E+01   0.946529E-02
   0.347000E+01   0.947932E-02
   0.347500E+01   0.947904E-02
   0.348000E+01   0.946323E-02
   0.348500E+01   0.943156E-02
   0.349000E+01   0.938462E-02
   0.349500E+01   0.932399E-02
   0.350000E+01   0.925217E-02
   0.350500E+01   0.917241E-02
   0.351000E+01   0.908845E-02
   0.351500E+01   0.900427E-02
   0.352000E+01   0.892376E-02
   0.352500E+01   0.885038E-02
   0.353000E+01   0.878696E-02
   0.353500E+01   0.873551E-02
   0.354000E+01   0.869711E-02
   0.354500E+01   0.867192E-02
   0.355000E+01   0.865932E-02
   0.355500E+01   0.865797E-02
   0.356000E+01   0.866611E-02
   0.356500E+01   0.868168E-02
   0.357000E+01   0.870259E-02
   0.357500E+01   0.872681E-02
   0.358000E+01   0.875254E-02
   0.358500E+01   0.877823E-02
   0.359000E+01   0.880264E-02
   0.359500E+01   0.882479E-02
   0.360000E+01   0.884395E-02
   0.360500E+01   0.885962E-02
   0.361000E+01   0.887145E-02
   0.361500E+01   0.887926E-02
   0.362000E+01   0.888303E-02
   0.362500E+01   0.888291E-02
   0.363000E+01   0.887924E-02
   0.363500E+01   0.887255E-02
   0.364000E+01   0.886361E-02
   0.364500E+01   0.885340E-02
   0.365000E+01   0.884315E-02
   0.365500E+01   0.883424E-02
   0.366000E+01   0.882823E-02
   0.366500E+01   0.882675E-02
   0.367000E+01   0.883148E-02
   0.367500E+01   0.884405E-02
   0.368000E+01   0.886596E-02
   0.368500E+01   0.889855E-02
   0.369000E+01   0.894286E-02
   0.369500E+01   0.899960E-02
   0.370000E+01   0.906906E-02
   0.370500E+01   0.915102E-02
   0.371000E+01   0.924474E-02
   0.371500E+01   0.934891E-02
   0.372000E+01   0.946163E-02
   0.372500E+01   0.958051E-02
   0.373000E+01   0.970275E-02
   0.373500E+01   0.982530E-02
   0.374000E+01   0.994510E-02
   0.374500E+01   0.100593E-01
   0.375000E+01   0.101653E-01
   0.375500E+01   0.102614E-01
   0.376000E+01   0.103466E-01
   0.376500E+01   0.104207E-01
   0.377000E+01   0.104844E-01
   0.377500E+01   0.105391E-01
   0.378000E+01   0.105868E-01
   0.378500E+01   0.106297E-01
   0.379000E+01   0.106701E-01
   0.379500E+01   0.107099E-01
   0.380000E+01   0.107504E-01
   0.380500E+01   0.107923E-01
   0.381000E+01   0.108351E-01
   0.381500E+01   0.108779E-01
   0.382000E+01   0.109186E-01
   0.382500E+01   0.109549E-01
   0.383000E+01   0.109838E-01
   0.383500E+01   0.110025E-01
   0.384000E+01   0.110085E-01
   0.384500E+01   0.109997E-01
   0.385000E+01   0.109750E-01
   0.385500E+01   0.109339E-01
   0.386000E+01   0.108774E-01
   0.386500E+01   0.108073E-01
   0.387000E+01   0.107263E-01
   0.387500E+01   0.106382E-01
   0.388000E+01   0.105471E-01
   0.388500E+01   0.104578E-01
   0.389000E+01   0.103748E-01
   0.389500E+01   0.103029E-01
   0.390000E+01   0.102461E-01
   0.390500E+01   0.102082E-01
   0.391000E+01   0.101920E-01
   0.391500E+01   0.101995E-01
   0.392000E+01   0.102316E-01
   0.392500E+01   0.102884E-01
   0.393000E+01   0.103690E-01
   0.393500E+01   0.104714E-01
   0.394000E+01   0.105926E-01
   0.394500E+01   0.107291E-01
   0.395000E+01   0.108764E-01
   0.395500E+01   0.110298E-01
   0.396000E+01   0.111839E-01
   0.396500E+01   0.113336E-01
   0.397000E+01   0.114735E-01
   0.397500E+01   0.115990E-01
   0.398000E+01   0.117059E-01
   0.398500E+01   0.117909E-01
   0.399000E+01   0.118518E-01
   0.399500E+01   0.118875E-01
   0.400000E+01   0.118979E-01
   0.400500E+01   0.118844E-01
   0.401000E+01   0.118493E-01
   0.401500E+01   0.117956E-01
   0.402000E+01   0.117271E-01
   0.402500E+01   0.116480E-01
   0.403000E+01   0.115627E-01
   0.403500E+01   0.114754E-01
   0.404000E+01   0.113902E-01
   0.404500E+01   0.113108E-01
   0.405000E+01   0.112403E-01
   0.405500E+01   0.111815E-01
   0.406000E+01   0.111366E-01
   0.406500E+01   0.111073E-01
   0.407000E+01   0.110951E-01
   0.407500E+01   0.111009E-01
   0.408000E+01   0.111252E-01
   0.408500E+01   0.111682E-01
   0.409000E+01   0.112296E-01
   0.409500E+01   0.113082E-01
   0.410000E+01   0.114027E-01
   0.410500E+01   0.115107E-01
   0.411000E+01   0.116294E-01
   0.411500E+01   0.117552E-01
   0.412000E+01   0.118842E-01
   0.412500E+01   0.120122E-01
   0.413000E+01   0.121348E-01
   0.413500E+01   0.122482E-01
   0.414000E+01   0.123487E-01
   0.414500E+01   0.124339E-01
   0.415000E+01   0.125022E-01
   0.415500E+01   0.125531E-01
   0.416000E+01   0.125874E-01
   0.416500E+01   0.126070E-01
   0.417000E+01   0.126148E-01
   0.417500E+01   0.126145E-01
   0.418000E+01   0.126100E-01
   0.418500E+01   0.126054E-01
   0.419000E+01   0.126045E-01
   0.419500E+01   0.126105E-01
   0.420000E+01   0.126259E-01
   0.420500E+01   0.126523E-01
   0.421000E+01   0.126904E-01
   0.421500E+01   0.127399E-01
   0.422000E+01   0.127998E-01
   0.422500E+01   0.128684E-01
   0.423000E+01   0.129437E-01
   0.423500E+01   0.130234E-01
   0.424000E+01   0.131050E-01
   0.424500E+01   0.131864E-01
   0.425000E+01   0.132656E-01
   0.425500E+01   0.133409E-01
   0.426000E+01   0.134110E-01
   0.426500E+01   0.134749E-01
   0.427000E+01   0.135320E-01
   0.427500E+01   0.135818E-01
   0.428000E+01   0.136242E-01
   0.428500E+01   0.136588E-01
   0.429000E+01   0.136855E-01
   0.429500E+01   0.137037E-01
   0.430000E+01   0.137132E-01
   0.430500E+01   0.137133E-01
   0.431000E+01   0.137033E-01
   0.431500E+01   0.136828E-01
   0.432000E+01   0.136511E-01
   0.432500E+01   0.136079E-01
   0.433000E+01   0.135532E-01
   0.433500E+01   0.134870E-01
   0.434000E+01   0.134098E-01
   0.434500E+01   0.133220E-01
   0.435000E+01   0.132246E-01
   0.435500E+01   0.131182E-01
   0.436000E+01   0.130039E-01
   0.436500E+01   0.128827E-01
   0.437000E+01   0.127561E-01
   0.437500E+01   0.126252E-01
   0.438000E+01   0.124918E-01
   0.438500E+01   0.123578E-01
   0.439000E+01   0.122254E-01
   0.439500E+01   0.120968E-01
   0.440000E+01   0.119747E-01
   0.440500E+01   0.118615E-01
   0.441000E+01   0.117597E-01
   0.441500E+01   0.116714E-01
   0.442000E+01   0.115985E-01
   0.442500E+01   0.115421E-01
   0.443000E+01   0.115032E-01
   0.443500E+01   0.114819E-01
   0.444000E+01   0.114781E-01
   0.444500E+01   0.114910E-01
   0.445000E+01   0.115196E-01
   0.445500E+01   0.115627E-01
   0.446000E+01   0.116189E-01
   0.446500E+01   0.116868E-01
   0.447000E+01   0.117651E-01
   0.447500E+01   0.118524E-01
   0.448000E+01   0.119473E-01
   0.448500E+01   0.120484E-01
   0.449000E+01   0.121542E-01
   0.449500E+01   0.122631E-01
   0.450000E+01   0.123732E-01
   0.450500E+01   0.124825E-01
   0.451000E+01   0.125887E-01
   0.451500E+01   0.126895E-01
   0.452000E+01   0.127826E-01
   0.452500E+01   0.128657E-01
   0.453000E+01   0.129370E-01
   0.453500E+01   0.129953E-01
   0.454000E+01   0.130399E-01
   0.454500E+01   0.130711E-01
   0.455000E+01   0.130899E-01
   0.455500E+01   0.130980E-01
   0.456000E+01   0.130978E-01
   0.456500E+01   0.130921E-01
   0.457000E+01   0.130838E-01
   0.457500E+01   0.130755E-01
   0.458000E+01   0.130696E-01
   0.458500E+01   0.130676E-01
   0.459000E+01   0.130699E-01
   0.459500E+01   0.130762E-01
   0.460000E+01   0.130853E-01
   0.460500E+01   0.130950E-01
   0.461000E+01   0.131026E-01
   0.461500E+01   0.131052E-01
   0.462000E+01   0.131000E-01
   0.462500E+01   0.130842E-01
   0.463000E+01   0.130561E-01
   0.463500E+01   0.130146E-01
   0.464000E+01   0.129597E-01
   0.464500E+01   0.128926E-01
   0.465000E+01   0.128154E-01
   0.465500E+01   0.127315E-01
   0.466000E+01   0.126447E-01
   0.466500E+01   0.125598E-01
   0.467000E+01   0.124814E-01
   0.467500E+01   0.124144E-01
   0.468000E+01   0.123630E-01
   0.468500E+01   0.123308E-01
   0.469000E+01   0.123203E-01
   0.469500E+01   0.123327E-01
   0.470000E+01   0.123677E-01
   0.470500E+01   0.124237E-01
   0.471000E+01   0.124975E-01
   0.471500E+01   0.125849E-01
   0.472000E+01   0.126808E-01
   0.472500E+01   0.127796E-01
   0.473000E+01   0.128760E-01
   0.473500E+01   0.129648E-01
   0.474000E+01   0.130422E-01
   0.474500E+01   0.131057E-01
   0.475000E+01   0.131540E-01
   0.475500E+01   0.131878E-01
   0.476000E+01   0.132091E-01
   0.476500E+01   0.132209E-01
   0.477000E+01   0.132272E-01
   0.477500E+01   0.132322E-01
   0.478000E+01   0.132397E-01
   0.478500E+01   0.132528E-01
   0.479000E+01   0.132736E-01
   0.479500E+01   0.133029E-01
   0.480000E+01   0.133401E-01
   0.480500E+01   0.133836E-01
   0.481000E+01   0.134308E-01
   0.481500E+01   0.134785E-01
   0.482000E+01   0.135235E-01
   0.482500E+01   0.135630E-01
   0.483000E+01   0.135949E-01
   0.483500E+01   0.136179E-01
   0.484000E+01   0.136321E-01
   0.484500E+01   0.136385E-01
   0.485000E+01   0.136391E-01
   0.485500E+01   0.136366E-01
   0.486000E+01   0.136343E-01
   0.486500E+01   0.136352E-01
   0.487000E+01   0.136423E-01
   0.487500E+01   0.136576E-01
   0.488000E+01   0.136826E-01
   0.488500E+01   0.137173E-01
   0.489000E+01   0.137608E-01
   0.489500E+01   0.138111E-01
   0.490000E+01   0.138651E-01
   0.490500E+01   0.139194E-01
   0.491000E+01   0.139700E-01
   0.491500E+01   0.140134E-01
   0.492000E+01   0.140465E-01
   0.492500E+01   0.140674E-01
   0.493000E+01   0.140754E-01
   0.493500E+01   0.140715E-01
   0.494000E+01   0.140583E-01
   0.494500E+01   0.140399E-01
   0.495000E+01   0.140217E-01
   0.495500E+01   0.140096E-01
   0.496000E+01   0.140097E-01
   0.496500E+01   0.140277E-01
   0.497000E+01   0.140679E-01
   0.497500E+01   0.141329E-01
   0.498000E+01   0.142232E-01
   0.498500E+01   0.143369E-01
   0.499000E+01   0.144698E-01
   0.499500E+01   0.146158E-01
   0.500000E+01   0.147671E-01
   0.500500E+01   0.149154E-01
   0.501000E+01   0.150518E-01
   0.501500E+01   0.151684E-01
   0.502000E+01   0.152585E-01
   0.502500E+01   0.153174E-01
   0.503000E+01   0.153424E-01
   0.503500E+01   0.153336E-01
   0.504000E+01   0.152932E-01
   0.504500E+01   0.152257E-01
   0.505000E+01   0.151373E-01
   0.505500E+01   0.150353E-01
   0.506000E+01   0.149275E-01
   0.506500E+01   0.148215E-01
   0.507000E+01   0.147242E-01
   0.507500E+01   0.146411E-01
   0.508000E+01   0.145760E-01
   0.508500E+01   0.145309E-01
   0.509000E+01   0.145056E-01
   0.509500E+01   0.144982E-01
   0.510000E+01   0.145053E-01
   0.510500E+01   0.145223E-01
   0.511000E+01   0.145437E-01
   0.511500E+01   0.145643E-01
   0.512000E+01   0.145790E-01
   0.512500E+01   0.145835E-01
   0.513000E+01   0.145745E-01
   0.513500E+01   0.145501E-01
   0.514000E+01   0.145094E-01
   0.514500E+01   0.144527E-01
   0.515000E+01   0.143810E-01
   0.515500E+01   0.142958E-01
   0.516000E+01   0.141988E-01
   0.516500E+01   0.140916E-01
   0.517000E+01   0.139753E-01
   0.517500E+01   0.138506E-01
   0.518000E+01   0.137174E-01
   0.518500E+01   0.135754E-01
   0.519000E+01   0.134239E-01
   0.519500E+01   0.132620E-01
   0.520000E+01   0.130893E-01
   0.520500E+01   0.129055E-01
   0.521000E+01   0.127112E-01
   0.521500E+01   0.125075E-01
   0.522000E+01   0.122965E-01
   0.522500E+01   0.120806E-01
   0.523000E+01   0.118632E-01
   0.523500E+01   0.116477E-01
   0.524000E+01   0.114377E-01
   0.524500E+01   0.112367E-01
   0.525000E+01   0.110476E-01
   0.525500E+01   0.108730E-01
   0.526000E+01   0.107143E-01
   0.526500E+01   0.105724E-01
   0.527000E+01   0.104471E-01
   0.527500E+01   0.103371E-01
   0.528000E+01   0.102405E-01
   0.528500E+01   0.101547E-01
   0.529000E+01   0.100764E-01
   0.529500E+01   0.100023E-01
   0.530000E+01   0.992913E-02
   0.530500E+01   0.985387E-02
   0.531000E+01   0.977425E-02
   0.531500E+01   0.968879E-02
   0.532000E+01   0.959692E-02
   0.532500E+01   0.949908E-02
   0.533000E+01   0.939655E-02
   0.533500E+01   0.929132E-02
   0.534000E+01   0.918585E-02
   0.534500E+01   0.908276E-02
   0.535000E+01   0.898456E-02
   0.535500E+01   0.889333E-02
   0.536000E+01   0.881059E-02
   0.536500E+01   0.873706E-02
   0.537000E+01   0.867264E-02
   0.537500E+01   0.861640E-02
   0.538000E+01   0.856668E-02
   0.538500E+01   0.852124E-02
   0.539000E+01   0.847742E-02
   0.539500E+01   0.843240E-02
   0.540000E+01   0.838342E-02
   0.540500E+01   0.832794E-02
   0.541000E+01   0.826392E-02
   0.541500E+01   0.818988E-02
   0.542000E+01   0.810501E-02
   0.542500E+01   0.800922E-02
   0.543000E+01   0.790306E-02
   0.543500E+01   0.778768E-02
   0.544000E+01   0.766461E-02
   0.544500E+01   0.753569E-02
   0.545000E+01   0.740278E-02
   0.545500E+01   0.726771E-02
   0.546000E+01   0.713205E-02
   0.546500E+01   0.699708E-02
   0.547000E+01   0.686374E-02
   0.547500E+01   0.673264E-02
   0.548000E+01   0.660419E-02
   0.548500E+01   0.647861E-02
   0.549000E+01   0.635611E-02
   0.549500E+01   0.623698E-02
   0.550000E+01   0.612163E-02
   0.550500E+01   0.601068E-02
   0.551000E+01   0.590491E-02
   0.551500E+01   0.580525E-02
   0.552000E+01   0.571269E-02
   0.552500E+01   0.562821E-02
   0.553000E+01   0.555262E-02
   0.553500E+01   0.548655E-02
   0.554000E+01   0.543029E-02
   0.554500E+01   0.538374E-02
   0.555000E+01   0.534640E-02
   0.555500E+01   0.531727E-02
   0.556000E+01   0.529494E-02
   0.556500E+01   0.527755E-02
   0.557000E+01   0.526289E-02
   0.557500E+01   0.524850E-02
   0.558000E+01   0.523174E-02
   0.558500E+01   0.520999E-02
   0.559000E+01   0.518077E-02
   0.559500E+01   0.514191E-02
   0.560000E+01   0.509169E-02
   0.560500E+01   0.502895E-02
   0.561000E+01   0.495319E-02
   0.561500E+01   0.486462E-02
   0.562000E+01   0.476413E-02
   0.562500E+01   0.465324E-02
   0.563000E+01   0.453406E-02
   0.563500E+01   0.440912E-02
   0.564000E+01   0.428124E-02
   0.564500E+01   0.415341E-02
   0.565000E+01   0.402860E-02
   0.565500E+01   0.390962E-02
   0.566000E+01   0.379900E-02
   0.566500E+01   0.369883E-02
   0.567000E+01   0.361070E-02
   0.567500E+01   0.353560E-02
   0.568000E+01   0.347389E-02
   0.568500E+01   0.342530E-02
   0.569000E+01   0.338891E-02
   0.569500E+01   0.336324E-02
   0.570000E+01   0.334631E-02
   0.570500E+01   0.333574E-02
   0.571000E+01   0.332888E-02
   0.571500E+01   0.332292E-02
   0.572000E+01   0.331511E-02
   0.572500E+01   0.330282E-02
   0.573000E+01   0.328379E-02
   0.573500E+01   0.325620E-02
   0.574000E+01   0.321885E-02
   0.574500E+01   0.317121E-02
   0.575000E+01   0.311350E-02
   0.575500E+01   0.304668E-02
   0.576000E+01   0.297240E-02
   0.576500E+01   0.289288E-02
   0.577000E+01   0.281078E-02
   0.577500E+01   0.272895E-02
   0.578000E+01   0.265021E-02
   0.578500E+01   0.257716E-02
   0.579000E+01   0.251190E-02
   0.579500E+01   0.245589E-02
   0.580000E+01   0.240981E-02
   0.580500E+01   0.237349E-02
   0.581000E+01   0.234594E-02
   0.581500E+01   0.232543E-02
   0.582000E+01   0.230962E-02
   0.582500E+01   0.229573E-02
   0.583000E+01   0.228080E-02
   0.583500E+01   0.226184E-02
   0.584000E+01   0.223611E-02
   0.584500E+01   0.220122E-02
   0.585000E+01   0.215534E-02
   0.585500E+01   0.209724E-02
   0.586000E+01   0.202638E-02
   0.586500E+01   0.194286E-02
   0.587000E+01   0.184743E-02
   0.587500E+01   0.174136E-02
   0.588000E+01   0.162640E-02
   0.588500E+01   0.150463E-02
   0.589000E+01   0.137834E-02
   0.589500E+01   0.124992E-02
   0.590000E+01   0.112173E-02
   0.590500E+01   0.996008E-03
   0.591000E+01   0.874777E-03
   0.591500E+01   0.759776E-03
   0.592000E+01   0.652410E-03
   0.592500E+01   0.553729E-03
   0.593000E+01   0.464417E-03
   0.593500E+01   0.384807E-03
   0.594000E+01   0.314914E-03
   0.594500E+01   0.254473E-03
   0.595000E+01   0.202990E-03
   0.595500E+01   0.159799E-03
   0.596000E+01   0.124114E-03
   0.596500E+01   0.950797E-04
   0.597000E+01   0.718213E-04
   0.597500E+01   0.534799E-04
   0.598000E+01   0.392440E-04
   0.598500E+01   0.283711E-04
   0.599000E+01   0.202011E-04
   0.599500E+01   0.141627E-04
   0.600000E+01   0.977399E-05
   0.600500E+01   0.663794E-05
   0.601000E+01   0.443526E-05
   0.601500E+01   0.291489E-05
   0.602000E+01   0.188383E-05
   0.602500E+01   0.119698E-05
   0.603000E+01   0.747644E-06
   0.603500E+01   0.459060E-06
   0.604000E+01   0.277223E-06
   0.604500E+01   0.164998E-06
   0.605000E+01   0.974807E-07
   0.605500E+01   0.584708E-07
   0.606000E+01   0.379056E-07
   0.606500E+01   0.300938E-07
   0.607000E+01   0.326064E-07
   0.607500E+01   0.457142E-07
   0.608000E+01   0.722883E-07
   0.608500E+01   0.118111E-06
   0.609000E+01   0.192565E-06
   0.609500E+01   0.309670E-06
   0.610000E+01   0.489440E-06
   0.610500E+01   0.759486E-06
   0.611000E+01   0.115676E-05
   0.611500E+01   0.172927E-05
   0.612000E+01   0.253749E-05
   0.612500E+01   0.365519E-05
   0.613000E+01   0.516929E-05
   0.613500E+01   0.717834E-05
   0.614000E+01   0.978945E-05
   0.614500E+01   0.131132E-04
   0.615000E+01   0.172569E-04
   0.615500E+01   0.223164E-04
   0.616000E+01   0.283668E-04
   0.616500E+01   0.354533E-04
   0.617000E+01   0.435836E-04
   0.617500E+01   0.527223E-04
   0.618000E+01   0.627893E-04
   0.618500E+01   0.736625E-04
   0.619000E+01   0.851853E-04
   0.619500E+01   0.971788E-04
   0.620000E+01   0.109457E-03
   0.620500E+01   0.121846E-03
   0.621000E+01   0.134198E-03
   0.621500E+01   0.146411E-03
   0.622000E+01   0.158439E-03
   0.622500E+01   0.170301E-03
   0.623000E+01   0.182080E-03
   0.623500E+01   0.193924E-03
   0.624000E+01   0.206037E-03
   0.624500E+01   0.218670E-03
   0.625000E+01   0.232112E-03
   0.625500E+01   0.246680E-03
   0.626000E+01   0.262712E-03
   0.626500E+01   0.280554E-03
   0.627000E+01   0.300561E-03
   0.627500E+01   0.323086E-03
   0.628000E+01   0.348475E-03
   0.628500E+01   0.377060E-03
   0.629000E+01   0.409152E-03
   0.629500E+01   0.445029E-03
   0.630000E+01   0.484933E-03
   0.630500E+01   0.529058E-03
   0.631000E+01   0.577555E-03
   0.631500E+01   0.630526E-03
   0.632000E+01   0.688037E-03
   0.632500E+01   0.750122E-03
   0.633000E+01   0.816800E-03
   0.633500E+01   0.888082E-03
   0.634000E+01   0.963982E-03
   0.634500E+01   0.104451E-02
   0.635000E+01   0.112969E-02
   0.635500E+01   0.121950E-02
   0.636000E+01   0.131391E-02
   0.636500E+01   0.141282E-02
   0.637000E+01   0.151605E-02
   0.637500E+01   0.162335E-02
   0.638000E+01   0.173439E-02
   0.638500E+01   0.184880E-02
   0.639000E+01   0.196619E-02
   0.639500E+01   0.208627E-02
   0.640000E+01   0.220883E-02
   0.640500E+01   0.233389E-02
   0.641000E+01   0.246174E-02
   0.641500E+01   0.259293E-02
   0.642000E+01   0.272834E-02
   0.642500E+01   0.286909E-02
   0.643000E+01   0.301651E-02
   0.643500E+01   0.317196E-02
   0.644000E+01   0.333677E-02
   0.644500E+01   0.351201E-02
   0.645000E+01   0.369838E-02
   0.645500E+01   0.389605E-02
   0.646000E+01   0.410461E-02
   0.646500E+01   0.432297E-02
   0.647000E+01   0.454941E-02
   0.647500E+01   0.478169E-02
   0.648000E+01   0.501712E-02
   0.648500E+01   0.525280E-02
   0.649000E+01   0.548580E-02
   0.649500E+01   0.571340E-02
   0.650000E+01   0.593328E-02
   0.650500E+01   0.614368E-02
   0.651000E+01   0.634355E-02
   0.651500E+01   0.653262E-02
   0.652000E+01   0.671133E-02
   0.652500E+01   0.688085E-02
   0.653000E+01   0.704288E-02
   0.653500E+01   0.719951E-02
   0.654000E+01   0.735303E-02
   0.654500E+01   0.750570E-02
   0.655000E+01   0.765956E-02
   0.655500E+01   0.781631E-02
   0.656000E+01   0.797715E-02
   0.656500E+01   0.814280E-02
   0.657000E+01   0.831351E-02
   0.657500E+01   0.848911E-02
   0.658000E+01   0.866923E-02
   0.658500E+01   0.885338E-02
   0.659000E+01   0.904120E-02
   0.659500E+01   0.923253E-02
   0.660000E+01   0.942761E-02
   0.660500E+01   0.962704E-02
   0.661000E+01   0.983181E-02
   0.661500E+01   0.100432E-01
   0.662000E+01   0.102627E-01
   0.662500E+01   0.104919E-01
   0.663000E+01   0.107319E-01
   0.663500E+01   0.109839E-01
   0.664000E+01   0.112483E-01
   0.664500E+01   0.115252E-01
   0.665000E+01   0.118139E-01
   0.665500E+01   0.121131E-01
   0.666000E+01   0.124208E-01
   0.666500E+01   0.127347E-01
   0.667000E+01   0.130516E-01
   0.667500E+01   0.133681E-01
   0.668000E+01   0.136803E-01
   0.668500E+01   0.139843E-01
   0.669000E+01   0.142759E-01
   0.669500E+01   0.145513E-01
   0.670000E+01   0.148070E-01
   0.670500E+01   0.150402E-01
   0.671000E+01   0.152489E-01
   0.671500E+01   0.154320E-01
   0.672000E+01   0.155899E-01
   0.672500E+01   0.157238E-01
   0.673000E+01   0.158365E-01
   0.673500E+01   0.159312E-01
   0.674000E+01   0.160125E-01
   0.674500E+01   0.160849E-01
   0.675000E+01   0.161533E-01
   0.675500E+01   0.162225E-01
   0.676000E+01   0.162967E-01
   0.676500E+01   0.163794E-01
   0.677000E+01   0.164732E-01
   0.677500E+01   0.165801E-01
   0.678000E+01   0.167007E-01
   0.678500E+01   0.168351E-01
   0.679000E+01   0.169824E-01
   0.679500E+01   0.171408E-01
   0.680000E+01   0.173082E-01
   0.680500E+01   0.174816E-01
   0.681000E+01   0.176576E-01
   0.681500E+01   0.178324E-01
   0.682000E+01   0.180019E-01
   0.682500E+01   0.181615E-01
   0.683000E+01   0.183065E-01
   0.683500E+01   0.184321E-01
   0.684000E+01   0.185335E-01
   0.684500E+01   0.186063E-01
   0.685000E+01   0.186465E-01
   0.685500E+01   0.186505E-01
   0.686000E+01   0.186161E-01
   0.686500E+01   0.185419E-01
   0.687000E+01   0.184277E-01
   0.687500E+01   0.182747E-01
   0.688000E+01   0.180855E-01
   0.688500E+01   0.178635E-01
   0.689000E+01   0.176134E-01
   0.689500E+01   0.173403E-01
   0.690000E+01   0.170500E-01
   0.690500E+01   0.167481E-01
   0.691000E+01   0.164405E-01
   0.691500E+01   0.161324E-01
   0.692000E+01   0.158289E-01
   0.692500E+01   0.155342E-01
   0.693000E+01   0.152520E-01
   0.693500E+01   0.149855E-01
   0.694000E+01   0.147369E-01
   0.694500E+01   0.145080E-01
   0.695000E+01   0.142995E-01
   0.695500E+01   0.141118E-01
   0.696000E+01   0.139444E-01
   0.696500E+01   0.137963E-01
   0.697000E+01   0.136657E-01
   0.697500E+01   0.135507E-01
   0.698000E+01   0.134490E-01
   0.698500E+01   0.133583E-01
   0.699000E+01   0.132764E-01
   0.699500E+01   0.132016E-01
   0.700000E+01   0.131325E-01
   0.700500E+01   0.130686E-01
   0.701000E+01   0.130102E-01
   0.701500E+01   0.129578E-01
   0.702000E+01   0.129132E-01
   0.702500E+01   0.128780E-01
   0.703000E+01   0.128544E-01
   0.703500E+01   0.128444E-01
   0.704000E+01   0.128499E-01
   0.704500E+01   0.128722E-01
   0.705000E+01   0.129117E-01
   0.705500E+01   0.129684E-01
   0.706000E+01   0.130412E-01
   0.706500E+01   0.131285E-01
   0.707000E+01   0.132279E-01
   0.707500E+01   0.133364E-01
   0.708000E+01   0.134511E-01
   0.708500E+01   0.135685E-01
   0.709000E+01   0.136856E-01
   0.709500E+01   0.137994E-01
   0.710000E+01   0.139074E-01
   0.710500E+01   0.140079E-01
   0.711000E+01   0.140993E-01
   0.711500E+01   0.141812E-01
   0.712000E+01   0.142536E-01
   0.712500E+01   0.143171E-01
   0.713000E+01   0.143730E-01
   0.713500E+01   0.144229E-01
   0.714000E+01   0.144685E-01
   0.714500E+01   0.145117E-01
   0.715000E+01   0.145541E-01
   0.715500E+01   0.145970E-01
   0.716000E+01   0.146413E-01
   0.716500E+01   0.146872E-01
   0.717000E+01   0.147347E-01
   0.717500E+01   0.147830E-01
   0.718000E+01   0.148313E-01
   0.718500E+01   0.148784E-01
   0.719000E+01   0.149234E-01
   0.719500E+01   0.149658E-01
   0.720000E+01   0.150053E-01
   0.720500E+01   0.150425E-01
   0.721000E+01   0.150784E-01
   0.721500E+01   0.151148E-01
   0.722000E+01   0.151537E-01
   0.722500E+01   0.151974E-01
   0.723000E+01   0.152478E-01
   0.723500E+01   0.153065E-01
   0.724000E+01   0.153745E-01
   0.724500E+01   0.154518E-01
   0.725000E+01   0.155375E-01
   0.725500E+01   0.156299E-01
   0.726000E+01   0.157267E-01
   0.726500E+01   0.158254E-01
   0.727000E+01   0.159233E-01
   0.727500E+01   0.160181E-01
   0.728000E+01   0.161082E-01
   0.728500E+01   0.161926E-01
   0.729000E+01   0.162708E-01
   0.729500E+01   0.163430E-01
   0.730000E+01   0.164098E-01
   0.730500E+01   0.164716E-01
   0.731000E+01   0.165285E-01
   0.731500E+01   0.165801E-01
   0.732000E+01   0.166252E-01
   0.732500E+01   0.166620E-01
   0.733000E+01   0.166879E-01
   0.733500E+01   0.167003E-01
   0.734000E+01   0.166964E-01
   0.734500E+01   0.166741E-01
   0.735000E+01   0.166319E-01
   0.735500E+01   0.165699E-01
   0.736000E+01   0.164892E-01
   0.736500E+01   0.163924E-01
   0.737000E+01   0.162834E-01
   0.737500E+01   0.161666E-01
   0.738000E+01   0.160472E-01
   0.738500E+01   0.159298E-01
   0.739000E+01   0.158187E-01
   0.739500E+01   0.157169E-01
   0.740000E+01   0.156260E-01
   0.740500E+01   0.155463E-01
   0.741000E+01   0.154768E-01
   0.741500E+01   0.154152E-01
   0.742000E+01   0.153584E-01
   0.742500E+01   0.153032E-01
   0.743000E+01   0.152463E-01
   0.743500E+01   0.151850E-01
   0.744000E+01   0.151173E-01
   0.744500E+01   0.150421E-01
   0.745000E+01   0.149591E-01
   0.745500E+01   0.148690E-01
   0.746000E+01   0.147731E-01
   0.746500E+01   0.146730E-01
   0.747000E+01   0.145707E-01
   0.747500E+01   0.144681E-01
   0.748000E+01   0.143671E-01
   0.748500E+01   0.142691E-01
   0.749000E+01   0.141754E-01
   0.749500E+01   0.140869E-01
   0.750000E+01   0.140043E-01
   0.750500E+01   0.139280E-01
   0.751000E+01   0.138582E-01
   0.751500E+01   0.137947E-01
   0.752000E+01   0.137374E-01
   0.752500E+01   0.136859E-01
   0.753000E+01   0.136395E-01
   0.753500E+01   0.135977E-01
   0.754000E+01   0.135596E-01
   0.754500E+01   0.135243E-01
   0.755000E+01   0.134908E-01
   0.755500E+01   0.134582E-01
   0.756000E+01   0.134253E-01
   0.756500E+01   0.133913E-01
   0.757000E+01   0.133551E-01
   0.757500E+01   0.133157E-01
   0.758000E+01   0.132721E-01
   0.758500E+01   0.132237E-01
   0.759000E+01   0.131695E-01
   0.759500E+01   0.131093E-01
   0.760000E+01   0.130426E-01
   0.760500E+01   0.129698E-01
   0.761000E+01   0.128915E-01
   0.761500E+01   0.128086E-01
   0.762000E+01   0.127228E-01
   0.762500E+01   0.126359E-01
   0.763000E+01   0.125501E-01
   0.763500E+01   0.124676E-01
   0.764000E+01   0.123904E-01
   0.764500E+01   0.123203E-01
   0.765000E+01   0.122587E-01
   0.765500E+01   0.122062E-01
   0.766000E+01   0.121627E-01
   0.766500E+01   0.121277E-01
   0.767000E+01   0.120998E-01
   0.767500E+01   0.120773E-01
   0.768000E+01   0.120582E-01
   0.768500E+01   0.120406E-01
   0.769000E+01   0.120225E-01
   0.769500E+01   0.120027E-01
   0.770000E+01   0.119802E-01
   0.770500E+01   0.119547E-01
   0.771000E+01   0.119264E-01
   0.771500E+01   0.118959E-01
   0.772000E+01   0.118644E-01
   0.772500E+01   0.118331E-01
   0.773000E+01   0.118035E-01
   0.773500E+01   0.117768E-01
   0.774000E+01   0.117544E-01
   0.774500E+01   0.117372E-01
   0.775000E+01   0.117262E-01
   0.775500E+01   0.117222E-01
   0.776000E+01   0.117256E-01
   0.776500E+01   0.117367E-01
   0.777000E+01   0.117555E-01
   0.777500E+01   0.117817E-01
   0.778000E+01   0.118142E-01
   0.778500E+01   0.118516E-01
   0.779000E+01   0.118919E-01
   0.779500E+01   0.119323E-01
   0.780000E+01   0.119699E-01
   0.780500E+01   0.120015E-01
   0.781000E+01   0.120240E-01
   0.781500E+01   0.120348E-01
   0.782000E+01   0.120321E-01
   0.782500E+01   0.120152E-01
   0.783000E+01   0.119843E-01
   0.783500E+01   0.119412E-01
   0.784000E+01   0.118884E-01
   0.784500E+01   0.118297E-01
   0.785000E+01   0.117688E-01
   0.785500E+01   0.117100E-01
   0.786000E+01   0.116571E-01
   0.786500E+01   0.116131E-01
   0.787000E+01   0.115801E-01
   0.787500E+01   0.115594E-01
   0.788000E+01   0.115507E-01
   0.788500E+01   0.115529E-01
   0.789000E+01   0.115640E-01
   0.789500E+01   0.115813E-01
   0.790000E+01   0.116017E-01
   0.790500E+01   0.116220E-01
   0.791000E+01   0.116391E-01
   0.791500E+01   0.116505E-01
   0.792000E+01   0.116538E-01
   0.792500E+01   0.116477E-01
   0.793000E+01   0.116313E-01
   0.793500E+01   0.116046E-01
   0.794000E+01   0.115684E-01
   0.794500E+01   0.115242E-01
   0.795000E+01   0.114741E-01
   0.795500E+01   0.114207E-01
   0.796000E+01   0.113670E-01
   0.796500E+01   0.113163E-01
   0.797000E+01   0.112716E-01
   0.797500E+01   0.112359E-01
   0.798000E+01   0.112118E-01
   0.798500E+01   0.112010E-01
   0.799000E+01   0.112046E-01
   0.799500E+01   0.112227E-01
   0.800000E+01   0.112548E-01
   0.800500E+01   0.112989E-01
   0.801000E+01   0.113526E-01
   0.801500E+01   0.114126E-01
   0.802000E+01   0.114752E-01
   0.802500E+01   0.115363E-01
   0.803000E+01   0.115920E-01
   0.803500E+01   0.116384E-01
   0.804000E+01   0.116723E-01
   0.804500E+01   0.116908E-01
   0.805000E+01   0.116923E-01
   0.805500E+01   0.116757E-01
   0.806000E+01   0.116409E-01
   0.806500E+01   0.115888E-01
   0.807000E+01   0.115210E-01
   0.807500E+01   0.114398E-01
   0.808000E+01   0.113480E-01
   0.808500E+01   0.112488E-01
   0.809000E+01   0.111454E-01
   0.809500E+01   0.110411E-01
   0.810000E+01   0.109390E-01
   0.810500E+01   0.108418E-01
   0.811000E+01   0.107516E-01
   0.811500E+01   0.106701E-01
   0.812000E+01   0.105985E-01
   0.812500E+01   0.105372E-01
   0.813000E+01   0.104865E-01
   0.813500E+01   0.104460E-01
   0.814000E+01   0.104152E-01
   0.814500E+01   0.103935E-01
   0.815000E+01   0.103798E-01
   0.815500E+01   0.103735E-01
   0.816000E+01   0.103737E-01
   0.816500E+01   0.103795E-01
   0.817000E+01   0.103900E-01
   0.817500E+01   0.104045E-01
   0.818000E+01   0.104219E-01
   0.818500E+01   0.104410E-01
   0.819000E+01   0.104607E-01
   0.819500E+01   0.104796E-01
   0.820000E+01   0.104961E-01
   0.820500E+01   0.105088E-01
   0.821000E+01   0.105162E-01
   0.821500E+01   0.105167E-01
   0.822000E+01   0.105091E-01
   0.822500E+01   0.104922E-01
   0.823000E+01   0.104651E-01
   0.823500E+01   0.104270E-01
   0.824000E+01   0.103778E-01
   0.824500E+01   0.103174E-01
   0.825000E+01   0.102461E-01
   0.825500E+01   0.101647E-01
   0.826000E+01   0.100745E-01
   0.826500E+01   0.997701E-02
   0.827000E+01   0.987428E-02
   0.827500E+01   0.976863E-02
   0.828000E+01   0.966261E-02
   0.828500E+01   0.955884E-02
   0.829000E+01   0.945988E-02
   0.829500E+01   0.936805E-02
   0.830000E+01   0.928527E-02
   0.830500E+01   0.921293E-02
   0.831000E+01   0.915180E-02
   0.831500E+01   0.910201E-02
   0.832000E+01   0.906304E-02
   0.832500E+01   0.903384E-02
   0.833000E+01   0.901292E-02
   0.833500E+01   0.899849E-02
   0.834000E+01   0.898863E-02
   0.834500E+01   0.898132E-02
   0.835000E+01   0.897462E-02
   0.835500E+01   0.896665E-02
   0.836000E+01   0.895560E-02
   0.836500E+01   0.893972E-02
   0.837000E+01   0.891728E-02
   0.837500E+01   0.888658E-02
   0.838000E+01   0.884592E-02
   0.838500E+01   0.879366E-02
   0.839000E+01   0.872830E-02
   0.839500E+01   0.864857E-02
   0.840000E+01   0.855357E-02
   0.840500E+01   0.844286E-02
   0.841000E+01   0.831658E-02
   0.841500E+01   0.817551E-02
   0.842000E+01   0.802109E-02
   0.842500E+01   0.785538E-02
   0.843000E+01   0.768100E-02
   0.843500E+01   0.750100E-02
   0.844000E+01   0.731872E-02
   0.844500E+01   0.713764E-02
   0.845000E+01   0.696116E-02
   0.845500E+01   0.679249E-02
   0.846000E+01   0.663445E-02
   0.846500E+01   0.648936E-02
   0.847000E+01   0.635894E-02
   0.847500E+01   0.624430E-02
   0.848000E+01   0.614587E-02
   0.848500E+01   0.606346E-02
   0.849000E+01   0.599633E-02
   0.849500E+01   0.594328E-02
   0.850000E+01   0.590277E-02
   0.850500E+01   0.587302E-02
   0.851000E+01   0.585213E-02
   0.851500E+01   0.583822E-02
   0.852000E+01   0.582948E-02
   0.852500E+01   0.582423E-02
   0.853000E+01   0.582096E-02
   0.853500E+01   0.581835E-02
   0.854000E+01   0.581526E-02
   0.854500E+01   0.581066E-02
   0.855000E+01   0.580363E-02
   0.855500E+01   0.579332E-02
   0.856000E+01   0.577891E-02
   0.856500E+01   0.575962E-02
   0.857000E+01   0.573471E-02
   0.857500E+01   0.570349E-02
   0.858000E+01   0.566539E-02
   0.858500E+01   0.562001E-02
   0.859000E+01   0.556716E-02
   0.859500E+01   0.550689E-02
   0.860000E+01   0.543953E-02
   0.860500E+01   0.536569E-02
   0.861000E+01   0.528623E-02
   0.861500E+01   0.520222E-02
   0.862000E+01   0.511490E-02
   0.862500E+01   0.502563E-02
   0.863000E+01   0.493580E-02
   0.863500E+01   0.484687E-02
   0.864000E+01   0.476027E-02
   0.864500E+01   0.467741E-02
   0.865000E+01   0.459967E-02
   0.865500E+01   0.452840E-02
   0.866000E+01   0.446488E-02
   0.866500E+01   0.441030E-02
   0.867000E+01   0.436574E-02
   0.867500E+01   0.433210E-02
   0.868000E+01   0.431004E-02
   0.868500E+01   0.429997E-02
   0.869000E+01   0.430197E-02
   0.869500E+01   0.431576E-02
   0.870000E+01   0.434071E-02
   0.870500E+01   0.437584E-02
   0.871000E+01   0.441983E-02
   0.871500E+01   0.447110E-02
   0.872000E+01   0.452781E-02
   0.872500E+01   0.458794E-02
   0.873000E+01   0.464932E-02
   0.873500E+01   0.470972E-02
   0.874000E+01   0.476683E-02
   0.874500E+01   0.481838E-02
   0.875000E+01   0.486212E-02
   0.875500E+01   0.489595E-02
   0.876000E+01   0.491794E-02
   0.876500E+01   0.492643E-02
   0.877000E+01   0.492013E-02
   0.877500E+01   0.489817E-02
   0.878000E+01   0.486020E-02
   0.878500E+01   0.480638E-02
   0.879000E+01   0.473746E-02
   0.879500E+01   0.465468E-02
   0.880000E+01   0.455978E-02
   0.880500E+01   0.445486E-02
   0.881000E+01   0.434233E-02
   0.881500E+01   0.422477E-02
   0.882000E+01   0.410485E-02
   0.882500E+01   0.398525E-02
   0.883000E+01   0.386858E-02
   0.883500E+01   0.375735E-02
   0.884000E+01   0.365394E-02
   0.884500E+01   0.356057E-02
   0.885000E+01   0.347931E-02
   0.885500E+01   0.341203E-02
   0.886000E+01   0.336033E-02
   0.886500E+01   0.332552E-02
   0.887000E+01   0.330851E-02
   0.887500E+01   0.330970E-02
   0.888000E+01   0.332891E-02
   0.888500E+01   0.336530E-02
   0.889000E+01   0.341733E-02
   0.889500E+01   0.348272E-02
   0.890000E+01   0.355857E-02
   0.890500E+01   0.364147E-02
   0.891000E+01   0.372764E-02
   0.891500E+01   0.381317E-02
   0.892000E+01   0.389429E-02
   0.892500E+01   0.396756E-02
   0.893000E+01   0.403013E-02
   0.893500E+01   0.407983E-02
   0.894000E+01   0.411533E-02
   0.894500E+01   0.413609E-02
   0.895000E+01   0.414230E-02
   0.895500E+01   0.413478E-02
   0.896000E+01   0.411475E-02
   0.896500E+01   0.408373E-02
   0.897000E+01   0.404332E-02
   0.897500E+01   0.399510E-02
   0.898000E+01   0.394057E-02
   0.898500E+01   0.388115E-02
   0.899000E+01   0.381817E-02
   0.899500E+01   0.375295E-02
   0.900000E+01   0.368685E-02
   0.900500E+01   0.362129E-02
   0.901000E+01   0.355777E-02
   0.901500E+01   0.349782E-02
   0.902000E+01   0.344291E-02
   0.902500E+01   0.339438E-02
   0.903000E+01   0.335326E-02
   0.903500E+01   0.332023E-02
   0.904000E+01   0.329552E-02
   0.904500E+01   0.327887E-02
   0.905000E+01   0.326957E-02
   0.905500E+01   0.326649E-02
   0.906000E+01   0.326823E-02
   0.906500E+01   0.327323E-02
   0.907000E+01   0.327988E-02
   0.907500E+01   0.328671E-02
   0.908000E+01   0.329242E-02
   0.908500E+01   0.329604E-02
   0.909000E+01   0.329689E-02
   0.909500E+01   0.329461E-02
   0.910000E+01   0.328912E-02
   0.910500E+01   0.328056E-02
   0.911000E+01   0.326920E-02
   0.911500E+01   0.325539E-02
   0.912000E+01   0.323946E-02
   0.912500E+01   0.322172E-02
   0.913000E+01   0.320234E-02
   0.913500E+01   0.318143E-02
   0.914000E+01   0.315896E-02
   0.914500E+01   0.313485E-02
   0.915000E+01   0.310899E-02
   0.915500E+01   0.308126E-02
   0.916000E+01   0.305160E-02
   0.916500E+01   0.302004E-02
   0.917000E+01   0.298678E-02
   0.917500E+01   0.295212E-02
   0.918000E+01   0.291655E-02
   0.918500E+01   0.288069E-02
   0.919000E+01   0.284521E-02
   0.919500E+01   0.281088E-02
   0.920000E+01   0.277836E-02
   0.920500E+01   0.274825E-02
   0.921000E+01   0.272095E-02
   0.921500E+01   0.269665E-02
   0.922000E+01   0.267529E-02
   0.922500E+01   0.265659E-02
   0.923000E+01   0.264006E-02
   0.923500E+01   0.262511E-02
   0.924000E+01   0.261107E-02
   0.924500E+01   0.259736E-02
   0.925000E+01   0.258347E-02
   0.925500E+01   0.256907E-02
   0.926000E+01   0.255398E-02
   0.926500E+01   0.253822E-02
   0.927000E+01   0.252190E-02
   0.927500E+01   0.250516E-02
   0.928000E+01   0.248816E-02
   0.928500E+01   0.247094E-02
   0.929000E+01   0.245340E-02
   0.929500E+01   0.243532E-02
   0.930000E+01   0.241633E-02
   0.930500E+01   0.239596E-02
   0.931000E+01   0.237374E-02
   0.931500E+01   0.234925E-02
   0.932000E+01   0.232219E-02
   0.932500E+01   0.229248E-02
   0.933000E+01   0.226022E-02
   0.933500E+01   0.222577E-02
   0.934000E+01   0.218968E-02
   0.934500E+01   0.215264E-02
   0.935000E+01   0.211540E-02
   0.935500E+01   0.207868E-02
   0.936000E+01   0.204310E-02
   0.936500E+01   0.200907E-02
   0.937000E+01   0.197676E-02
   0.937500E+01   0.194608E-02
   0.938000E+01   0.191666E-02
   0.938500E+01   0.188789E-02
   0.939000E+01   0.185900E-02
   0.939500E+01   0.182911E-02
   0.940000E+01   0.179733E-02
   0.940500E+01   0.176288E-02
   0.941000E+01   0.172508E-02
   0.941500E+01   0.168346E-02
   0.942000E+01   0.163775E-02
   0.942500E+01   0.158789E-02
   0.943000E+01   0.153394E-02
   0.943500E+01   0.147613E-02
   0.944000E+01   0.141471E-02
   0.944500E+01   0.134998E-02
   0.945000E+01   0.128222E-02
   0.945500E+01   0.121172E-02
   0.946000E+01   0.113876E-02
   0.946500E+01   0.106366E-02
   0.947000E+01   0.986786E-03
   0.947500E+01   0.908627E-03
   0.948000E+01   0.829776E-03
   0.948500E+01   0.750957E-03
   0.949000E+01   0.673002E-03
   0.949500E+01   0.596822E-03
   0.950000E+01   0.523355E-03
   0.950500E+01   0.453513E-03
   0.951000E+01   0.388119E-03
   0.951500E+01   0.327857E-03
   0.952000E+01   0.273235E-03
   0.952500E+01   0.224556E-03
   0.953000E+01   0.181919E-03
   0.953500E+01   0.145224E-03
   0.954000E+01   0.114199E-03
   0.954500E+01   0.884343E-04
   0.955000E+01   0.674203E-04
   0.955500E+01   0.505896E-04
   0.956000E+01   0.373532E-04
   0.956500E+01   0.271327E-04
   0.957000E+01   0.193848E-04
   0.957500E+01   0.136190E-04
   0.958000E+01   0.940727E-05
   0.958500E+01   0.638751E-05
   0.959000E+01   0.426259E-05
   0.959500E+01   0.279522E-05
   0.960000E+01   0.180090E-05
   0.960500E+01   0.113979E-05
   0.961000E+01   0.708538E-06
   0.961500E+01   0.432554E-06
   0.962000E+01   0.259298E-06
   0.962500E+01   0.152612E-06
   0.963000E+01   0.881767E-07
   0.963500E+01   0.500093E-07
   0.964000E+01   0.278377E-07
   0.964500E+01   0.152076E-07
   0.965000E+01   0.815257E-08
   0.965500E+01   0.428842E-08
   0.966000E+01   0.221327E-08
   0.966500E+01   0.112067E-08
   0.967000E+01   0.556667E-09
   0.967500E+01   0.271246E-09
   0.968000E+01   0.129644E-09
   0.968500E+01   0.607778E-10
   0.969000E+01   0.279448E-10
   0.969500E+01   0.126018E-10
   0.970000E+01   0.557324E-11
   0.970500E+01   0.241698E-11
   0.971000E+01   0.102710E-11
   0.971500E+01   0.426996E-12
   0.972000E+01   0.174238E-12
   0.972500E+01   0.689236E-13
   0.973000E+01   0.269013E-13
   0.973500E+01   0.103966E-13
   0.974000E+01   0.349449E-14
   0.974500E+01   0.965733E-15
   0.975000E+01   0.000000E+00
   0.975500E+01   0.000000E+00
   0.976000E+01   0.000000E+00
   0.976500E+01   0.000000E+00
   0.977000E+01   0.000000E+00
   0.977500E+01   0.000000E+00
   0.978000E+01   0.000000E+00
   0.978500E+01   0.000000E+00
   0.979000E+01   0.000000E+00
   0.979500E+01   0.000000E+00
   0.980000E+01   0.000000E+00
   0.980500E+01   0.000000E+00
   0.981000E+01   0.000000E+00
   0.981500E+01   0.000000E+00
   0.982000E+01   0.000000E+00
   0.982500E+01   0.000000E+00
   0.983000E+01   0.000000E+00
   0.983500E+01   0.000000E+00
   0.984000E+01   0.000000E+00
   0.984500E+01   0.000000E+00
   0.985000E+01   0.000000E+00
   0.985500E+01   0.000000E+00
   0.986000E+01   0.000000E+00
   0.986500E+01   0.000000E+00
   0.987000E+01   0.000000E+00
   0.987500E+01   0.000000E+00
   0.988000E+01   0.000000E+00
   0.988500E+01   0.000000E+00
   0.989000E+01   0.000000E+00
   0.989500E+01   0.000000E+00
   0.990000E+01   0.000000E+00
   0.990500E+01   0.000000E+00
   0.991000E+01   0.000000E+00
   0.991500E+01   0.000000E+00
   0.992000E+01   0.000000E+00
   0.992500E+01   0.000000E+00
   0.993000E+01   0.000000E+00
   0.993500E+01   0.000000E+00
   0.994000E+01   0.000000E+00
   0.994500E+01   0.000000E+00
   0.995000E+01   0.000000E+00
   0.995500E+01   0.000000E+00
   0.996000E+01   0.000000E+00
   0.996500E+01   0.000000E+00
   0.997000E+01   0.000000E+00
   0.997500E+01   0.000000E+00
   0.998000E+01   0.000000E+00
   0.998500E+01   0.000000E+00
   0.999000E+01   0.000000E+00
   0.999500E+01   0.000000E+00
   0.100000E+02   0.000000E+00


